Op order: Right Left Down Up 
Solving STP Korf instance [82 of 100] using DSD weight 1.250000
1 1 0
1 2 1
1 3 2
1 4 3
1 5 4
1 6 5
1 7 6
1 8 7
1 9 8
27 36 9
1 37 36
1 38 37
1 39 38
1 40 39
8 48 40
9 57 48
1 58 57
1 59 58
1 60 59
1 61 60
8 69 61
1 70 69
1 71 70
25 96 71
5 101 96
1 102 101
2 104 102
179 283 104
210 493 283
663 1156 493
402 1558 1156
9 1567 1558
3 1570 1567
419 1989 1570
746 2735 1989
1 2736 2735
1 2737 2736
849 3586 2737
13515 17101 3586
5033 22134 17101
4 22138 22134
1 22139 22138
53103 75242 22139
3 75245 75242
618986 694231 75245
601540 1295771 694231
298875 1594646 1295771
4.76094e+06 6355587 1594646
2.95693e+06 9312520 6355587
4 9312524 9312520
10000000 nodes expanded, 29879813 generated => Terminated.
STP 81 ALG 0 weight 1.25 Nodes 10000000 path 0
Op order: Right Left Down Up 
Solving STP Korf instance [82 of 100] using DSD weight 1.500000
1 1 0
1 2 1
1 3 2
1 4 3
1 5 4
1 6 5
1 7 6
1 8 7
1 9 8
13 22 9
1 23 22
8 31 23
1 32 31
1 33 32
21 54 33
1 55 54
2 57 55
36 93 57
1 94 93
1 95 94
1 96 95
8 104 96
1 105 104
1 106 105
1 107 106
5 112 107
1 113 112
2 115 113
4 119 115
89 208 119
1 209 208
220 429 209
8 437 429
1 438 437
1 439 438
5 444 439
13 457 444
1 458 457
1 459 458
1 460 459
3 463 460
3579 4042 463
991 5033 4042
3 5036 5033
616 5652 5036
1 5653 5652
2 5655 5653
42282 47937 5655
1 47938 47937
89399 137337 47938
193880 331217 137337
246 331463 331217
192789 524252 331463
3.98238e+06 4506631 524252
125735 4632366 4506631
1 4632367 4632366
STP 81 ALG 0 weight 1.50 Nodes 4632369 path 67
Op order: Right Left Down Up 
Solving STP Korf instance [82 of 100] using DSD weight 1.750000
1 1 0
1 2 1
1 3 2
1 4 3
1 5 4
1 6 5
1 7 6
1 8 7
1 9 8
13 22 9
1 23 22
8 31 23
1 32 31
1 33 32
7 40 33
1 41 40
17 58 41
2 60 58
13 73 60
1 74 73
25 99 74
1 100 99
2 102 100
50 152 102
1 153 152
1 154 153
3 157 154
1 158 157
2 160 158
2 162 160
59 221 162
1 222 221
19 241 222
87 328 241
1 329 328
1 330 329
5 335 330
10 345 335
1 346 345
1 347 346
1 348 347
3 351 348
35 386 351
310 696 386
4 700 696
1 701 700
5 706 701
1305 2011 706
6075 8086 2011
25163 33249 8086
13720 46969 33249
1 46970 46969
1 46971 46970
383440 430411 46971
1 430412 430411
1 430413 430412
STP 81 ALG 0 weight 1.75 Nodes 430415 path 67
Op order: Right Left Down Up 
Solving STP Korf instance [82 of 100] using DSD weight 2.000000
1 1 0
1 2 1
1 3 2
1 4 3
1 5 4
1 6 5
1 7 6
1 8 7
1 9 8
11 20 9
2 22 20
7 29 22
1 30 29
1 31 30
7 38 31
1 39 38
22 61 39
2 63 61
6 69 63
3 72 69
13 85 72
1 86 85
2 88 86
19 107 88
9 116 107
3 119 116
1 120 119
7 127 120
1 128 127
2 130 128
4 134 130
4 138 134
3 141 138
5 146 141
21 167 146
3 170 167
53 223 170
3 226 223
2 228 226
21 249 228
3 252 249
155 407 252
38 445 407
37 482 445
5 487 482
1 488 487
2 490 488
377 867 490
16 883 867
3 886 883
38 924 886
1 925 924
1 926 925
1143 2069 926
9391 11460 2069
1 11461 11460
161841 173302 11461
1 173303 173302
1 173304 173303
STP 81 ALG 0 weight 2.00 Nodes 173306 path 75
Op order: Right Left Down Up 
Solving STP Korf instance [82 of 100] using DSD weight 2.250000
1 1 0
1 2 1
1 3 2
1 4 3
1 5 4
1 6 5
1 7 6
1 8 7
1 9 8
11 20 9
2 22 20
7 29 22
1 30 29
1 31 30
7 38 31
1 39 38
22 61 39
2 63 61
6 69 63
3 72 69
13 85 72
1 86 85
2 88 86
16 104 88
14 118 104
3 121 118
1 122 121
7 129 122
1 130 129
2 132 130
4 136 132
4 140 136
3 143 140
5 148 143
16 164 148
3 167 164
88 255 167
1 256 255
4 260 256
3 263 260
54 317 263
21 338 317
45 383 338
2 385 383
17 402 385
2 404 402
3 407 404
96 503 407
19 522 503
4 526 522
18 544 526
2 546 544
1 547 546
1 548 547
2 550 548
16 566 550
1 567 566
1471 2038 567
10337 12375 2038
27480 39855 12375
1 39856 39855
STP 81 ALG 0 weight 2.25 Nodes 39858 path 83
Op order: Right Left Down Up 
Solving STP Korf instance [82 of 100] using DSD weight 2.500000
1 1 0
1 2 1
1 3 2
1 4 3
1 5 4
1 6 5
1 7 6
1 8 7
1 9 8
11 20 9
2 22 20
7 29 22
1 30 29
1 31 30
7 38 31
1 39 38
9 48 39
1 49 48
1 50 49
1 51 50
3 54 51
1 55 54
3 58 55
21 79 58
1 80 79
1 81 80
1 82 81
5 87 82
2 89 87
3 92 89
5 97 92
1 98 97
7 105 98
10 115 105
1 116 115
1 117 116
1 118 117
3 121 118
6 127 121
21 148 127
14 162 148
1 163 162
1 164 163
4 168 164
47 215 168
16 231 215
56 287 231
1 288 287
2 290 288
220 510 290
108 618 510
8 626 618
35 661 626
59 720 661
1 721 720
1 722 721
1 723 722
16 739 723
1 740 739
1525 2265 740
1 2266 2265
10569 12835 2266
1 12836 12835
STP 81 ALG 0 weight 2.50 Nodes 12838 path 85
Op order: Right Left Down Up 
Solving STP Korf instance [82 of 100] using DSD weight 2.750000
1 1 0
1 2 1
1 3 2
1 4 3
1 5 4
1 6 5
1 7 6
1 8 7
1 9 8
11 20 9
2 22 20
7 29 22
1 30 29
1 31 30
7 38 31
1 39 38
9 48 39
1 49 48
1 50 49
1 51 50
3 54 51
1 55 54
3 58 55
16 74 58
1 75 74
1 76 75
1 77 76
5 82 77
2 84 82
3 87 84
5 92 87
1 93 92
7 100 93
11 111 100
1 112 111
1 113 112
1 114 113
3 117 114
6 123 117
21 144 123
14 158 144
1 159 158
1 160 159
4 164 160
45 209 164
18 227 209
84 311 227
1 312 311
2 314 312
65 379 314
237 616 379
9 625 616
34 659 625
36 695 659
1 696 695
1 697 696
1 698 697
16 714 698
1 715 714
527 1242 715
1 1243 1242
20100 21343 1243
2 21345 21343
STP 81 ALG 0 weight 2.75 Nodes 21347 path 91
Op order: Right Left Down Up 
Solving STP Korf instance [82 of 100] using DSD weight 3.000000
1 1 0
1 2 1
1 3 2
1 4 3
1 5 4
1 6 5
1 7 6
1 8 7
1 9 8
1 10 9
8 18 10
1 19 18
1 20 19
2 22 20
1 23 22
9 32 23
1 33 32
1 34 33
1 35 34
3 38 35
1 39 38
3 42 39
8 50 42
1 51 50
1 52 51
1 53 52
3 56 53
2 58 56
3 61 58
5 66 61
1 67 66
2 69 67
10 79 69
3 82 79
1 83 82
1 84 83
1 85 84
2 87 85
5 92 87
7 99 92
22 121 99
32 153 121
1 154 153
3 157 154
25 182 157
2 184 182
44 228 184
1 229 228
2 231 229
9 240 231
149 389 240
2 391 389
1 392 391
426 818 392
1 819 818
1 820 819
1 821 820
15 836 821
1 837 836
525 1362 837
1 1363 1362
3729 5092 1363
2 5094 5092
STP 81 ALG 0 weight 3.00 Nodes 5096 path 95
Op order: Right Left Down Up 
Solving STP Korf instance [82 of 100] using DSD weight 1.250000
1 1 0
1 2 1
1 3 2
2 5 3
6 11 5
1 12 11
1 13 12
8 21 13
1 22 21
1 23 22
1 24 23
1 25 24
25 50 25
1 51 50
198 249 51
11 260 249
1 261 260
106 367 261
1 368 367
1 369 368
24 393 369
1 394 393
1 395 394
1 396 395
21 417 396
858 1275 417
1202 2477 1275
393 2870 2477
6 2876 2870
1 2877 2876
2 2879 2877
1 2880 2879
2 2882 2880
2 2884 2882
3156 6040 2884
1 6041 6040
2 6043 6041
12805 18848 6043
2207 21055 18848
3 21058 21055
1 21059 21058
1 21060 21059
88021 109081 21060
1901 110982 109081
16522 127504 110982
2 127506 127504
437891 565397 127506
119198 684595 565397
245899 930494 684595
2 930496 930494
1.53497e+06 2465470 930496
3.5342e+06 5999667 2465470
1 5999668 5999667
1 5999669 5999668
STP 81 ALG 1 weight 1.25 Nodes 5999671 path 65
Op order: Right Left Down Up 
Solving STP Korf instance [82 of 100] using DSD weight 1.500000
1 1 0
1 2 1
1 3 2
2 5 3
6 11 5
1 12 11
1 13 12
8 21 13
1 22 21
1 23 22
1 24 23
1 25 24
25 50 25
1 51 50
198 249 51
11 260 249
1 261 260
106 367 261
1 368 367
1 369 368
24 393 369
1 394 393
1 395 394
1 396 395
21 417 396
858 1275 417
1202 2477 1275
3 2480 2477
401 2881 2480
1 2882 2881
2 2884 2882
1 2885 2884
2 2887 2885
2 2889 2887
14 2903 2889
1 2904 2903
1 2905 2904
2 2907 2905
87 2994 2907
3725 6719 2994
6 6725 6719
13437 20162 6725
60 20222 20162
403 20625 20222
2052 22677 20625
1 22678 22677
1473 24151 22678
6274 30425 24151
13060 43485 30425
1 43486 43485
188543 232029 43486
157478 389507 232029
1 389508 389507
STP 81 ALG 1 weight 1.50 Nodes 389510 path 71
Op order: Right Left Down Up 
Solving STP Korf instance [82 of 100] using DSD weight 1.750000
1 1 0
1 2 1
1 3 2
2 5 3
6 11 5
1 12 11
1 13 12
8 21 13
1 22 21
1 23 22
1 24 23
1 25 24
25 50 25
1 51 50
198 249 51
11 260 249
1 261 260
106 367 261
1 368 367
1 369 368
24 393 369
1 394 393
1 395 394
1 396 395
21 417 396
858 1275 417
1202 2477 1275
3 2480 2477
401 2881 2480
1 2882 2881
2 2884 2882
1 2885 2884
2 2887 2885
2 2889 2887
14 2903 2889
1 2904 2903
1 2905 2904
2 2907 2905
67 2974 2907
101 3075 2974
1 3076 3075
1 3077 3076
1 3078 3077
143 3221 3078
1 3222 3221
7 3229 3222
889 4118 3229
1 4119 4118
21533 25652 4119
1 25653 25652
43007 68660 25653
1 68661 68660
1 68662 68661
STP 81 ALG 1 weight 1.75 Nodes 68664 path 75
Op order: Right Left Down Up 
Solving STP Korf instance [82 of 100] using DSD weight 2.000000
1 1 0
1 2 1
1 3 2
2 5 3
6 11 5
1 12 11
1 13 12
8 21 13
1 22 21
1 23 22
1 24 23
1 25 24
25 50 25
1 51 50
198 249 51
11 260 249
1 261 260
106 367 261
1 368 367
1 369 368
24 393 369
1 394 393
1 395 394
1 396 395
21 417 396
858 1275 417
2 1277 1275
1137 2414 1277
4 2418 2414
1 2419 2418
2 2421 2419
1 2422 2421
2 2424 2422
2 2426 2424
14 2440 2426
1 2441 2440
1 2442 2441
2 2444 2442
61 2505 2444
46 2551 2505
27 2578 2551
1 2579 2578
29 2608 2579
2 2610 2608
1 2611 2610
14 2625 2611
2 2627 2625
46 2673 2627
1 2674 2673
2891 5565 2674
2 5567 5565
2213 7780 5567
7740 15520 7780
1 15521 15520
STP 81 ALG 1 weight 2.00 Nodes 15523 path 77
Op order: Right Left Down Up 
Solving STP Korf instance [82 of 100] using DSD weight 2.250000
1 1 0
1 2 1
1 3 2
2 5 3
6 11 5
1 12 11
1 13 12
8 21 13
1 22 21
1 23 22
1 24 23
1 25 24
25 50 25
1 51 50
198 249 51
11 260 249
1 261 260
106 367 261
1 368 367
1 369 368
24 393 369
1 394 393
1 395 394
1 396 395
21 417 396
858 1275 417
2 1277 1275
1137 2414 1277
4 2418 2414
1 2419 2418
2 2421 2419
1 2422 2421
2 2424 2422
2 2426 2424
14 2440 2426
1 2441 2440
1 2442 2441
2 2444 2442
65 2509 2444
28 2537 2509
1 2538 2537
1 2539 2538
25 2564 2539
2 2566 2564
1 2567 2566
11 2578 2567
2 2580 2578
47 2627 2580
1 2628 2627
1856 4484 2628
1 4485 4484
139 4624 4485
13030 17654 4624
1 17655 17654
STP 81 ALG 1 weight 2.25 Nodes 17657 path 77
Op order: Right Left Down Up 
Solving STP Korf instance [82 of 100] using DSD weight 2.500000
1 1 0
1 2 1
1 3 2
2 5 3
6 11 5
1 12 11
1 13 12
8 21 13
1 22 21
1 23 22
1 24 23
1 25 24
25 50 25
1 51 50
198 249 51
11 260 249
1 261 260
106 367 261
1 368 367
1 369 368
24 393 369
1 394 393
1 395 394
1 396 395
21 417 396
858 1275 417
2 1277 1275
1137 2414 1277
4 2418 2414
1 2419 2418
2 2421 2419
1 2422 2421
2 2424 2422
2 2426 2424
14 2440 2426
1 2441 2440
1 2442 2441
2 2444 2442
41 2485 2444
1 2486 2485
1 2487 2486
1 2488 2487
74 2562 2488
2 2564 2562
1 2565 2564
11 2576 2565
2 2578 2576
46 2624 2578
64 2688 2624
1522 4210 2688
1 4211 4210
90 4301 4211
4257 8558 4301
4737 13295 8558
STP 81 ALG 1 weight 2.50 Nodes 13297 path 91
Op order: Right Left Down Up 
Solving STP Korf instance [82 of 100] using DSD weight 2.750000
1 1 0
1 2 1
1 3 2
2 5 3
6 11 5
1 12 11
1 13 12
8 21 13
1 22 21
1 23 22
1 24 23
1 25 24
25 50 25
1 51 50
198 249 51
11 260 249
1 261 260
106 367 261
1 368 367
1 369 368
24 393 369
1 394 393
1 395 394
1 396 395
21 417 396
858 1275 417
2 1277 1275
1137 2414 1277
4 2418 2414
1 2419 2418
2 2421 2419
1 2422 2421
2 2424 2422
2 2426 2424
14 2440 2426
1 2441 2440
1 2442 2441
2 2444 2442
41 2485 2444
1 2486 2485
1 2487 2486
1 2488 2487
93 2581 2488
2 2583 2581
1 2584 2583
11 2595 2584
2 2597 2595
38 2635 2597
57 2692 2635
1199 3891 2692
2 3893 3891
57 3950 3893
2606 6556 3950
214 6770 6556
STP 81 ALG 1 weight 2.75 Nodes 6772 path 91
Op order: Right Left Down Up 
Solving STP Korf instance [82 of 100] using DSD weight 3.000000
1 1 0
1 2 1
1 3 2
2 5 3
6 11 5
1 12 11
1 13 12
8 21 13
1 22 21
1 23 22
1 24 23
1 25 24
25 50 25
1 51 50
198 249 51
11 260 249
1 261 260
106 367 261
1 368 367
1 369 368
24 393 369
1 394 393
1 395 394
1 396 395
21 417 396
858 1275 417
2 1277 1275
1137 2414 1277
4 2418 2414
1 2419 2418
2 2421 2419
1 2422 2421
2 2424 2422
2 2426 2424
14 2440 2426
1 2441 2440
1 2442 2441
2 2444 2442
17 2461 2444
64 2525 2461
1 2526 2525
1 2527 2526
1 2528 2527
2 2530 2528
1 2531 2530
14 2545 2531
2 2547 2545
34 2581 2547
33 2614 2581
577 3191 2614
2 3193 3191
27 3220 3193
17593 20813 3220
2 20815 20813
STP 81 ALG 1 weight 3.00 Nodes 20817 path 95
Op order: Right Left Down Up 
Solving STP Korf instance [82 of 100] using DSD weight 1.250000
1 1 0
1 2 1
1 3 2
1 4 3
1 5 4
1 6 5
1 7 6
1 8 7
1 9 8
13 22 9
1 23 22
8 31 23
1 32 31
1 33 32
21 54 33
1 55 54
2 57 55
36 93 57
1 94 93
1 95 94
1 96 95
8 104 96
1 105 104
1 106 105
1 107 106
5 112 107
1 113 112
2 115 113
4 119 115
97 216 119
1 217 216
317 534 217
4 538 534
78 616 538
9 625 616
8 633 625
1 634 633
2 636 634
1 637 636
21445 22082 637
152 22234 22082
175 22409 22234
1 22410 22409
1 22411 22410
220092 242503 22411
1.84579e+06 2088289 242503
1 2088290 2088289
4441 2092731 2088290
5.27577e+06 7368500 2092731
10000000 nodes expanded, 30005190 generated => Terminated.
STP 81 ALG 2 weight 1.25 Nodes 10000000 path 0
Op order: Right Left Down Up 
Solving STP Korf instance [82 of 100] using DSD weight 1.500000
1 1 0
1 2 1
1 3 2
1 4 3
1 5 4
1 6 5
1 7 6
1 8 7
1 9 8
11 20 9
2 22 20
7 29 22
1 30 29
1 31 30
7 38 31
1 39 38
22 61 39
2 63 61
12 75 63
3 78 75
10 88 78
1 89 88
2 91 89
145 236 91
1 237 236
3 240 237
1 241 240
7 248 241
1 249 248
2 251 249
5 256 251
4 260 256
3 263 260
5 268 263
125 393 268
45 438 393
1 439 438
2 441 439
45 486 441
80 566 486
12 578 566
1 579 578
84 663 579
3 666 663
204 870 666
1 871 870
4832 5703 871
24256 29959 5703
73336 103295 29959
1 103296 103295
1 103297 103296
1.08883e+06 1192129 103297
1 1192130 1192129
7.2867e+06 8478828 1192130
10000000 nodes expanded, 30269374 generated => Terminated.
STP 81 ALG 2 weight 1.50 Nodes 10000000 path 0
Op order: Right Left Down Up 
Solving STP Korf instance [82 of 100] using DSD weight 1.750000
1 1 0
1 2 1
1 3 2
1 4 3
1 5 4
1 6 5
1 7 6
1 8 7
1 9 8
11 20 9
2 22 20
7 29 22
1 30 29
1 31 30
7 38 31
1 39 38
9 48 39
1 49 48
1 50 49
1 51 50
3 54 51
1 55 54
3 58 55
21 79 58
1 80 79
1 81 80
1 82 81
5 87 82
2 89 87
3 92 89
5 97 92
1 98 97
7 105 98
10 115 105
1 116 115
1 117 116
1 118 117
3 121 118
6 127 121
21 148 127
14 162 148
1 163 162
1 164 163
4 168 164
55 223 168
157 380 223
25 405 380
10 415 405
55 470 415
722 1192 470
2356 3548 1192
319 3867 3548
1 3868 3867
13923 17791 3868
39 17830 17791
20096 37926 17830
1 37927 37926
1 37928 37927
308533 346461 37928
1.93402e+06 2280485 346461
1 2280486 2280485
STP 81 ALG 2 weight 1.75 Nodes 2280488 path 71
Op order: Right Left Down Up 
Solving STP Korf instance [82 of 100] using DSD weight 2.000000
1 1 0
1 2 1
1 3 2
1 4 3
1 5 4
1 6 5
1 7 6
1 8 7
1 9 8
1 10 9
8 18 10
1 19 18
1 20 19
2 22 20
1 23 22
14 37 23
1 38 37
1 39 38
1 40 39
3 43 40
1 44 43
3 47 44
5 52 47
1 53 52
1 54 53
1 55 54
3 58 55
2 60 58
3 63 60
7 70 63
1 71 70
2 73 71
10 83 73
9 92 83
1 93 92
1 94 93
1 95 94
2 97 95
5 102 97
7 109 102
22 131 109
32 163 131
1 164 163
3 167 164
31 198 167
2 200 198
36 236 200
1 237 236
2 239 237
317 556 239
120 676 556
4 680 676
2112 2792 680
1 2793 2792
965 3758 2793
10645 14403 3758
3012 17415 14403
38530 55945 17415
34679 90624 55945
1 90625 90624
51642 142267 90625
1 142268 142267
1 142269 142268
STP 81 ALG 2 weight 2.00 Nodes 142271 path 75
Op order: Right Left Down Up 
Solving STP Korf instance [82 of 100] using DSD weight 2.250000
1 1 0
1 2 1
1 3 2
1 4 3
1 5 4
1 6 5
1 7 6
1 8 7
1 9 8
1 10 9
8 18 10
1 19 18
1 20 19
2 22 20
1 23 22
9 32 23
1 33 32
1 34 33
1 35 34
3 38 35
1 39 38
3 42 39
8 50 42
1 51 50
1 52 51
1 53 52
3 56 53
2 58 56
3 61 58
5 66 61
1 67 66
2 69 67
10 79 69
3 82 79
1 83 82
1 84 83
1 85 84
2 87 85
5 92 87
7 99 92
22 121 99
32 153 121
1 154 153
3 157 154
25 182 157
2 184 182
44 228 184
1 229 228
2 231 229
136 367 231
405 772 367
13 785 772
89 874 785
1 875 874
469 1344 875
153 1497 1344
1 1498 1497
25676 27174 1498
1 27175 27174
101 27276 27175
65504 92780 27276
1 92781 92780
1 92782 92781
STP 81 ALG 2 weight 2.25 Nodes 92784 path 79
Op order: Right Left Down Up 
Solving STP Korf instance [82 of 100] using DSD weight 2.500000
1 1 0
1 2 1
1 3 2
1 4 3
1 5 4
1 6 5
1 7 6
1 8 7
1 9 8
1 10 9
8 18 10
1 19 18
1 20 19
2 22 20
1 23 22
9 32 23
1 33 32
1 34 33
1 35 34
3 38 35
1 39 38
3 42 39
8 50 42
1 51 50
1 52 51
1 53 52
3 56 53
2 58 56
3 61 58
5 66 61
1 67 66
2 69 67
10 79 69
3 82 79
1 83 82
1 84 83
1 85 84
2 87 85
5 92 87
5 97 92
18 115 97
32 147 115
30 177 147
1 178 177
2 180 178
11 191 180
25 216 191
19 235 216
61 296 235
4 300 296
6 306 300
1 307 306
7 314 307
1307 1621 314
1 1622 1621
1 1623 1622
1 1624 1623
1690 3314 1624
1 3315 3314
10062 13377 3315
36987 50364 13377
55811 106175 50364
1 106176 106175
STP 81 ALG 2 weight 2.50 Nodes 106178 path 83
Op order: Right Left Down Up 
Solving STP Korf instance [82 of 100] using DSD weight 2.750000
1 1 0
1 2 1
1 3 2
1 4 3
1 5 4
1 6 5
1 7 6
1 8 7
1 9 8
1 10 9
8 18 10
1 19 18
1 20 19
2 22 20
1 23 22
9 32 23
1 33 32
1 34 33
1 35 34
3 38 35
1 39 38
3 42 39
8 50 42
1 51 50
1 52 51
1 53 52
3 56 53
2 58 56
3 61 58
5 66 61
1 67 66
2 69 67
10 79 69
3 82 79
1 83 82
1 84 83
1 85 84
2 87 85
5 92 87
5 97 92
18 115 97
32 147 115
30 177 147
1 178 177
2 180 178
17 197 180
19 216 197
26 242 216
49 291 242
4 295 291
2 297 295
1 298 297
5 303 298
51 354 303
244 598 354
235 833 598
2654 3487 833
437 3924 3487
12628 16552 3924
16880 33432 16552
1 33433 33432
94867 128300 33433
1 128301 128300
STP 81 ALG 2 weight 2.75 Nodes 128303 path 85
Op order: Right Left Down Up 
Solving STP Korf instance [82 of 100] using DSD weight 3.000000
1 1 0
1 2 1
1 3 2
1 4 3
1 5 4
1 6 5
1 7 6
1 8 7
1 9 8
1 10 9
8 18 10
1 19 18
1 20 19
2 22 20
1 23 22
2 25 23
1 26 25
1 27 26
1 28 27
3 31 28
1 32 31
3 35 32
9 44 35
1 45 44
1 46 45
1 47 46
3 50 47
2 52 50
3 55 52
5 60 55
1 61 60
2 63 61
10 73 63
3 76 73
1 77 76
1 78 77
1 79 78
2 81 79
5 86 81
5 91 86
4 95 91
51 146 95
2 148 146
2 150 148
1 151 150
9 160 151
2 162 160
27 189 162
23 212 189
39 251 212
1 252 251
1 253 252
1 254 253
29 283 254
13 296 283
11 307 296
154 461 307
1288 1749 461
1 1750 1749
6256 8006 1750
7659 15665 8006
1 15666 15665
130502 146168 15666
2 146170 146168
STP 81 ALG 2 weight 3.00 Nodes 148720 path 93
Op order: Right Left Down Up 
Solving STP Korf instance [82 of 100] using DSD weight 1.250000
1 1 0
1 2 1
1 3 2
1 4 3
1 5 4
1 6 5
1 7 6
1 8 7
9 17 8
25 42 17
1 43 42
1 44 43
1 45 44
1 46 45
6 52 46
6 58 52
1 59 58
1 60 59
1 61 60
1 62 61
8 70 62
1 71 70
1 72 71
123 195 72
1 196 195
224 420 196
10 430 420
151 581 430
2289 2870 581
157 3027 2870
1 3028 3027
2 3030 3028
1 3031 3030
2 3033 3031
2 3035 3033
15513 18548 3035
1 18549 18548
2 18551 18549
633 19184 18551
84575 103759 19184
3 103762 103759
1 103763 103762
1 103764 103763
6834 110598 103764
2 110600 110598
436999 547599 110600
3 547602 547599
22078 569680 547602
1.39845e+06 1968133 569680
1 1968134 1968133
1 1968135 1968134
10000000 nodes expanded, 29729196 generated => Terminated.
STP 81 ALG 3 weight 1.25 Nodes 10000000 path 0
Op order: Right Left Down Up 
Solving STP Korf instance [82 of 100] using DSD weight 1.500000
1 1 0
1 2 1
1 3 2
2 5 3
5 10 5
1 11 10
1 12 11
21 33 12
1 34 33
4 38 34
1 39 38
1 40 39
1 41 40
1 42 41
10 52 42
6 58 52
2 60 58
1 61 60
1 62 61
1 63 62
8 71 63
1 72 71
1 73 72
216 289 73
1 290 289
130 420 290
22 442 420
187 629 442
2241 2870 629
157 3027 2870
1 3028 3027
2 3030 3028
1 3031 3030
2 3033 3031
2 3035 3033
12 3047 3035
1 3048 3047
1 3049 3048
2 3051 3049
13381 16432 3051
3391 19823 16432
6 19829 19823
2684 22513 19829
9 22522 22513
13433 35955 22522
3654 39609 35955
1 39610 39609
67477 107087 39610
20171 127258 107087
12864 140122 127258
1 140123 140122
622880 763003 140123
79200 842203 763003
1 842204 842203
STP 81 ALG 3 weight 1.50 Nodes 842206 path 71
Op order: Right Left Down Up 
Solving STP Korf instance [82 of 100] using DSD weight 1.750000
1 1 0
1 2 1
1 3 2
1 4 3
6 10 4
1 11 10
1 12 11
3 15 12
1 16 15
1 17 16
1 18 17
1 19 18
1 20 19
1 21 20
31 52 21
17 69 52
1 70 69
1 71 70
1 72 71
1 73 72
8 81 73
1 82 81
1 83 82
197 280 83
1 281 280
140 421 281
10 431 421
164 595 431
2275 2870 595
154 3024 2870
1 3025 3024
2 3027 3025
1 3028 3027
2 3030 3028
2 3032 3030
12 3044 3032
1 3045 3044
1 3046 3045
2 3048 3046
76 3124 3048
1272 4396 3124
5 4401 4396
4683 9084 4401
1 9085 9084
71 9156 9085
1 9157 9156
7 9164 9157
14429 23593 9164
1 23594 23593
6 23600 23594
1 23601 23600
166148 189749 23601
1 189750 189749
1 189751 189750
STP 81 ALG 3 weight 1.75 Nodes 189753 path 75
Op order: Right Left Down Up 
Solving STP Korf instance [82 of 100] using DSD weight 2.000000
1 1 0
1 2 1
1 3 2
1 4 3
6 10 4
1 11 10
1 12 11
3 15 12
1 16 15
1 17 16
1 18 17
1 19 18
1 20 19
1 21 20
31 52 21
7 59 52
1 60 59
1 61 60
1 62 61
1 63 62
8 71 63
1 72 71
1 73 72
211 284 73
1 285 284
132 417 285
16 433 417
123 556 433
2010 2566 556
313 2879 2566
1 2880 2879
2 2882 2880
1 2883 2882
2 2885 2883
2 2887 2885
14 2901 2887
1 2902 2901
1 2903 2902
2 2905 2903
72 2977 2905
51 3028 2977
12 3040 3028
1 3041 3040
25 3066 3041
2 3068 3066
1 3069 3068
14 3083 3069
2 3085 3083
46 3131 3085
1 3132 3131
4897 8029 3132
1 8030 8029
370 8400 8030
34228 42628 8400
1 42629 42628
STP 81 ALG 3 weight 2.00 Nodes 42631 path 77
Op order: Right Left Down Up 
Solving STP Korf instance [82 of 100] using DSD weight 2.250000
1 1 0
1 2 1
1 3 2
1 4 3
1 5 4
1 6 5
2 8 6
1 9 8
1 10 9
31 41 10
1 42 41
1 43 42
1 44 43
1 45 44
7 52 45
6 58 52
1 59 58
1 60 59
1 61 60
1 62 61
8 70 62
1 71 70
1 72 71
203 275 72
1 276 275
144 420 276
22 442 420
150 592 442
984 1576 592
1299 2875 1576
4 2879 2875
2 2881 2879
1 2882 2881
2 2884 2882
2 2886 2884
14 2900 2886
1 2901 2900
1 2902 2901
2 2904 2902
70 2974 2904
25 2999 2974
1 3000 2999
1 3001 3000
22 3023 3001
2 3025 3023
1 3026 3025
11 3037 3026
2 3039 3037
47 3086 3039
1 3087 3086
1673 4760 3087
1 4761 4760
143 4904 4761
21706 26610 4904
1 26611 26610
STP 81 ALG 3 weight 2.25 Nodes 26613 path 87
Op order: Right Left Down Up 
Solving STP Korf instance [82 of 100] using DSD weight 2.500000
1 1 0
1 2 1
1 3 2
1 4 3
6 10 4
1 11 10
12 23 11
2 25 23
1 26 25
1 27 26
1 28 27
1 29 28
1 30 29
1 31 30
21 52 31
6 58 52
1 59 58
1 60 59
1 61 60
1 62 61
8 70 62
1 71 70
1 72 71
285 357 72
1 358 357
59 417 358
12 429 417
191 620 429
240 860 620
2016 2876 860
4 2880 2876
2 2882 2880
1 2883 2882
2 2885 2883
2 2887 2885
14 2901 2887
1 2902 2901
1 2903 2902
2 2905 2903
41 2946 2905
5 2951 2946
1 2952 2951
1 2953 2952
61 3014 2953
2 3016 3014
1 3017 3016
11 3028 3017
2 3030 3028
46 3076 3030
65 3141 3076
1541 4682 3141
1 4683 4682
89 4772 4683
4001 8773 4772
4599 13372 8773
STP 81 ALG 3 weight 2.50 Nodes 13374 path 91
Op order: Right Left Down Up 
Solving STP Korf instance [82 of 100] using DSD weight 2.750000
1 1 0
1 2 1
1 3 2
2 5 3
2 7 5
1 8 7
1 9 8
3 12 9
1 13 12
1 14 13
1 15 14
1 16 15
3 19 16
1 20 19
32 52 20
83 135 52
1 136 135
1 137 136
1 138 137
1 139 138
8 147 139
1 148 147
1 149 148
147 296 149
1 297 296
120 417 297
32 449 417
174 623 449
237 860 623
2016 2876 860
5 2881 2876
2 2883 2881
1 2884 2883
2 2886 2884
2 2888 2886
14 2902 2888
1 2903 2902
1 2904 2903
2 2906 2904
41 2947 2906
4 2951 2947
1 2952 2951
1 2953 2952
73 3026 2953
2 3028 3026
1 3029 3028
11 3040 3029
2 3042 3040
38 3080 3042
55 3135 3080
890 4025 3135
1 4026 4025
3 4029 4026
17544 21573 4029
1 21574 21573
STP 81 ALG 3 weight 2.75 Nodes 21576 path 85
Op order: Right Left Down Up 
Solving STP Korf instance [82 of 100] using DSD weight 3.000000
1 1 0
1 2 1
1 3 2
1 4 3
1 5 4
1 6 5
1 7 6
1 8 7
32 40 8
3 43 40
1 44 43
1 45 44
1 46 45
1 47 46
5 52 47
7 59 52
1 60 59
1 61 60
1 62 61
1 63 62
8 71 63
1 72 71
1 73 72
186 259 73
1 260 259
157 417 260
12 429 417
186 615 429
11 626 615
2250 2876 626
10 2886 2876
2 2888 2886
1 2889 2888
2 2891 2889
2 2893 2891
14 2907 2893
1 2908 2907
1 2909 2908
2 2911 2909
17 2928 2911
69 2997 2928
1 2998 2997
1 2999 2998
1 3000 2999
2 3002 3000
1 3003 3002
14 3017 3003
2 3019 3017
35 3054 3019
36 3090 3054
514 3604 3090
2 3606 3604
27 3633 3606
17479 21112 3633
2 21114 21112
STP 81 ALG 3 weight 3.00 Nodes 21116 path 95
Op order: Right Left Down Up 
Solving STP Korf instance [82 of 100] using DSD weight 1.250000
1 1 0
1 2 1
1 3 2
1 4 3
1 5 4
1 6 5
1 7 6
1 8 7
1 9 8
27 36 9
1 37 36
1 38 37
1 39 38
1 40 39
12 52 40
6 58 52
1 59 58
1 60 59
1 61 60
8 69 61
2 71 69
1 72 71
1 73 72
195 268 73
1 269 268
148 417 269
12 429 417
185 614 429
2256 2870 614
162 3032 2870
1 3033 3032
2 3035 3033
1 3036 3035
2 3038 3036
2 3040 3038
15483 18523 3040
1 18524 18523
2 18526 18524
658 19184 18526
84487 103671 19184
2 103673 103671
91 103764 103673
1 103765 103764
7859 111624 103765
2 111626 111624
439501 551127 111626
3 551130 551127
45913 597043 551130
1.47001e+06 2067057 597043
1 2067058 2067057
1 2067059 2067058
10000000 nodes expanded, 29729766 generated => Terminated.
STP 81 ALG 4 weight 1.25 Nodes 10000000 path 0
Op order: Right Left Down Up 
Solving STP Korf instance [82 of 100] using DSD weight 1.500000
1 1 0
1 2 1
1 3 2
2 5 3
2 7 5
1 8 7
1 9 8
3 12 9
1 13 12
1 14 13
1 15 14
1 16 15
1 17 16
1 18 17
34 52 18
7 59 52
1 60 59
1 61 60
1 62 61
1 63 62
8 71 63
1 72 71
1 73 72
230 303 73
1 304 303
113 417 304
12 429 417
232 661 429
2209 2870 661
157 3027 2870
1 3028 3027
2 3030 3028
1 3031 3030
2 3033 3031
2 3035 3033
12 3047 3035
1 3048 3047
1 3049 3048
2 3051 3049
15392 18443 3051
1306 19749 18443
6 19755 19749
3179 22934 19755
9 22943 22934
51680 74623 22943
4043 78666 74623
1 78667 78666
30432 109099 78667
17259 126358 109099
13854 140212 126358
1 140213 140212
639415 779628 140213
62570 842198 779628
1 842199 842198
STP 81 ALG 4 weight 1.50 Nodes 842201 path 71
Op order: Right Left Down Up 
Solving STP Korf instance [82 of 100] using DSD weight 1.750000
1 1 0
1 2 1
1 3 2
2 5 3
5 10 5
1 11 10
1 12 11
1 13 12
1 14 13
1 15 14
1 16 15
1 17 16
1 18 17
34 52 18
7 59 52
2 61 59
1 62 61
1 63 62
1 64 63
8 72 64
1 73 72
1 74 73
212 286 74
1 287 286
134 421 287
22 443 421
216 659 443
2211 2870 659
8 2878 2870
1 2879 2878
2 2881 2879
1 2882 2881
2 2884 2882
2 2886 2884
14 2900 2886
1 2901 2900
1 2902 2901
2 2904 2902
62 2966 2904
119 3085 2966
26 3111 3085
35 3146 3111
1 3147 3146
1 3148 3147
68 3216 3148
1 3217 3216
7 3224 3217
21136 24360 3224
1 24361 24360
257 24618 24361
1 24619 24618
163799 188418 24619
1 188419 188418
1 188420 188419
STP 81 ALG 4 weight 1.75 Nodes 188422 path 75
Op order: Right Left Down Up 
Solving STP Korf instance [82 of 100] using DSD weight 2.000000
1 1 0
1 2 1
1 3 2
1 4 3
1 5 4
1 6 5
1 7 6
1 8 7
1 9 8
27 36 9
1 37 36
1 38 37
1 39 38
1 40 39
12 52 40
43 95 52
1 96 95
1 97 96
1 98 97
1 99 98
25 124 99
1 125 124
1 126 125
158 284 126
1 285 284
132 417 285
12 429 417
127 556 429
1020 1576 556
1298 2874 1576
1 2875 2874
2 2877 2875
1 2878 2877
2 2880 2878
2 2882 2880
14 2896 2882
1 2897 2896
1 2898 2897
2 2900 2898
52 2952 2900
69 3021 2952
17 3038 3021
1 3039 3038
21 3060 3039
2 3062 3060
1 3063 3062
14 3077 3063
2 3079 3077
45 3124 3079
1 3125 3124
4938 8063 3125
1 8064 8063
368 8432 8064
19432 27864 8432
1 27865 27864
STP 81 ALG 4 weight 2.00 Nodes 27867 path 85
Op order: Right Left Down Up 
Solving STP Korf instance [82 of 100] using DSD weight 2.250000
1 1 0
1 2 1
1 3 2
1 4 3
1 5 4
1 6 5
1 7 6
1 8 7
1 9 8
27 36 9
1 37 36
1 38 37
1 39 38
1 40 39
12 52 40
6 58 52
1 59 58
1 60 59
1 61 60
1 62 61
8 70 62
1 71 70
1 72 71
206 278 72
1 279 278
141 420 279
22 442 420
162 604 442
972 1576 604
1299 2875 1576
1 2876 2875
2 2878 2876
1 2879 2878
2 2881 2879
2 2883 2881
14 2897 2883
1 2898 2897
1 2899 2898
2 2901 2899
75 2976 2901
18 2994 2976
1 2995 2994
1 2996 2995
24 3020 2996
2 3022 3020
1 3023 3022
11 3034 3023
2 3036 3034
47 3083 3036
1 3084 3083
1669 4753 3084
1 4754 4753
147 4901 4754
17718 22619 4901
1 22620 22619
STP 81 ALG 4 weight 2.25 Nodes 22622 path 85
Op order: Right Left Down Up 
Solving STP Korf instance [82 of 100] using DSD weight 2.500000
1 1 0
1 2 1
1 3 2
2 5 3
5 10 5
1 11 10
1 12 11
1 13 12
1 14 13
1 15 14
1 16 15
1 17 16
1 18 17
34 52 18
7 59 52
1 60 59
1 61 60
1 62 61
1 63 62
8 71 63
1 72 71
1 73 72
258 331 73
1 332 331
85 417 332
24 441 417
128 569 441
2 571 569
2303 2874 571
1 2875 2874
2 2877 2875
1 2878 2877
2 2880 2878
2 2882 2880
14 2896 2882
1 2897 2896
1 2898 2897
2 2900 2898
41 2941 2900
1 2942 2941
1 2943 2942
1 2944 2943
84 3028 2944
2 3030 3028
1 3031 3030
11 3042 3031
2 3044 3042
46 3090 3044
64 3154 3090
1515 4669 3154
1 4670 4669
91 4761 4670
3741 8502 4761
4645 13147 8502
STP 81 ALG 4 weight 2.50 Nodes 13149 path 91
Op order: Right Left Down Up 
Solving STP Korf instance [82 of 100] using DSD weight 2.750000
1 1 0
1 2 1
1 3 2
1 4 3
1 5 4
1 6 5
1 7 6
1 8 7
1 9 8
28 37 9
1 38 37
1 39 38
1 40 39
1 41 40
11 52 41
43 95 52
1 96 95
1 97 96
1 98 97
1 99 98
24 123 99
1 124 123
1 125 124
164 289 125
1 290 289
131 421 290
13 434 421
154 588 434
272 860 588
2014 2874 860
1 2875 2874
2 2877 2875
1 2878 2877
2 2880 2878
2 2882 2880
14 2896 2882
1 2897 2896
1 2898 2897
2 2900 2898
41 2941 2900
1 2942 2941
1 2943 2942
1 2944 2943
94 3038 2944
2 3040 3038
1 3041 3040
11 3052 3041
2 3054 3052
38 3092 3054
62 3154 3092
912 4066 3154
1 4067 4066
3 4070 4067
17255 21325 4070
1 21326 21325
STP 81 ALG 4 weight 2.75 Nodes 21328 path 83
Op order: Right Left Down Up 
Solving STP Korf instance [82 of 100] using DSD weight 3.000000
1 1 0
1 2 1
1 3 2
1 4 3
1 5 4
1 6 5
1 7 6
1 8 7
1 9 8
27 36 9
1 37 36
1 38 37
1 39 38
1 40 39
12 52 40
6 58 52
1 59 58
1 60 59
6 66 60
1 67 66
6 73 67
1 74 73
1 75 74
206 281 75
1 282 281
138 420 282
22 442 420
188 630 442
10 640 630
2235 2875 640
10 2885 2875
2 2887 2885
1 2888 2887
2 2890 2888
2 2892 2890
14 2906 2892
1 2907 2906
1 2908 2907
2 2910 2908
17 2927 2910
57 2984 2927
1 2985 2984
1 2986 2985
1 2987 2986
2 2989 2987
1 2990 2989
14 3004 2990
2 3006 3004
35 3041 3006
34 3075 3041
525 3600 3075
2 3602 3600
27 3629 3602
16420 20049 3629
2 20051 20049
STP 81 ALG 4 weight 3.00 Nodes 20053 path 95
Op order: Right Left Down Up 
Solving STP Korf instance [82 of 100] using DSD weight 1.250000
1 1 0
1 2 1
1 3 2
1 4 3
1 5 4
1 6 5
1 7 6
1 8 7
9 17 8
25 42 17
1 43 42
1 44 43
1 45 44
1 46 45
6 52 46
6 58 52
1 59 58
1 60 59
1 61 60
1 62 61
8 70 62
1 71 70
1 72 71
123 195 72
1 196 195
224 420 196
10 430 420
151 581 430
2289 2870 581
157 3027 2870
1 3028 3027
2 3030 3028
1 3031 3030
2 3033 3031
2 3035 3033
15513 18548 3035
1 18549 18548
2 18551 18549
633 19184 18551
84575 103759 19184
3 103762 103759
1 103763 103762
1 103764 103763
6834 110598 103764
2 110600 110598
436999 547599 110600
3 547602 547599
22078 569680 547602
1.39845e+06 1968133 569680
1 1968134 1968133
1 1968135 1968134
10000000 nodes expanded, 29729196 generated => Terminated.
STP 81 ALG 5 weight 1.25 Nodes 10000000 path 0
Op order: Right Left Down Up 
Solving STP Korf instance [82 of 100] using DSD weight 1.500000
1 1 0
1 2 1
1 3 2
2 5 3
5 10 5
1 11 10
1 12 11
21 33 12
1 34 33
4 38 34
1 39 38
1 40 39
1 41 40
1 42 41
10 52 42
6 58 52
2 60 58
1 61 60
1 62 61
1 63 62
8 71 63
1 72 71
1 73 72
216 289 73
1 290 289
130 420 290
22 442 420
187 629 442
2241 2870 629
157 3027 2870
1 3028 3027
2 3030 3028
1 3031 3030
2 3033 3031
2 3035 3033
12 3047 3035
1 3048 3047
1 3049 3048
2 3051 3049
13381 16432 3051
3391 19823 16432
6 19829 19823
2684 22513 19829
9 22522 22513
13433 35955 22522
3654 39609 35955
1 39610 39609
67477 107087 39610
20171 127258 107087
12864 140122 127258
1 140123 140122
622880 763003 140123
79200 842203 763003
1 842204 842203
STP 81 ALG 5 weight 1.50 Nodes 842206 path 71
Op order: Right Left Down Up 
Solving STP Korf instance [82 of 100] using DSD weight 1.750000
1 1 0
1 2 1
1 3 2
1 4 3
6 10 4
1 11 10
1 12 11
3 15 12
1 16 15
1 17 16
1 18 17
1 19 18
1 20 19
1 21 20
31 52 21
17 69 52
1 70 69
1 71 70
1 72 71
1 73 72
8 81 73
1 82 81
1 83 82
197 280 83
1 281 280
140 421 281
10 431 421
164 595 431
2275 2870 595
154 3024 2870
1 3025 3024
2 3027 3025
1 3028 3027
2 3030 3028
2 3032 3030
12 3044 3032
1 3045 3044
1 3046 3045
2 3048 3046
76 3124 3048
1272 4396 3124
5 4401 4396
4683 9084 4401
1 9085 9084
71 9156 9085
1 9157 9156
7 9164 9157
14429 23593 9164
1 23594 23593
6 23600 23594
1 23601 23600
166148 189749 23601
1 189750 189749
1 189751 189750
STP 81 ALG 5 weight 1.75 Nodes 189753 path 75
Op order: Right Left Down Up 
Solving STP Korf instance [82 of 100] using DSD weight 2.000000
1 1 0
1 2 1
1 3 2
1 4 3
6 10 4
1 11 10
1 12 11
3 15 12
1 16 15
1 17 16
1 18 17
1 19 18
1 20 19
1 21 20
31 52 21
7 59 52
1 60 59
1 61 60
1 62 61
1 63 62
8 71 63
1 72 71
1 73 72
211 284 73
1 285 284
132 417 285
16 433 417
123 556 433
2010 2566 556
313 2879 2566
1 2880 2879
2 2882 2880
1 2883 2882
2 2885 2883
2 2887 2885
14 2901 2887
1 2902 2901
1 2903 2902
2 2905 2903
72 2977 2905
51 3028 2977
12 3040 3028
1 3041 3040
25 3066 3041
2 3068 3066
1 3069 3068
14 3083 3069
2 3085 3083
46 3131 3085
1 3132 3131
4897 8029 3132
1 8030 8029
370 8400 8030
34228 42628 8400
1 42629 42628
STP 81 ALG 5 weight 2.00 Nodes 42631 path 77
Op order: Right Left Down Up 
Solving STP Korf instance [82 of 100] using DSD weight 2.250000
1 1 0
1 2 1
1 3 2
1 4 3
1 5 4
1 6 5
2 8 6
1 9 8
1 10 9
31 41 10
1 42 41
1 43 42
1 44 43
1 45 44
7 52 45
6 58 52
1 59 58
1 60 59
1 61 60
1 62 61
8 70 62
1 71 70
1 72 71
203 275 72
1 276 275
144 420 276
10 430 420
190 620 430
956 1576 620
1299 2875 1576
5 2880 2875
2 2882 2880
1 2883 2882
2 2885 2883
2 2887 2885
14 2901 2887
1 2902 2901
1 2903 2902
2 2905 2903
58 2963 2905
39 3002 2963
1 3003 3002
1 3004 3003
20 3024 3004
2 3026 3024
1 3027 3026
11 3038 3027
2 3040 3038
48 3088 3040
1 3089 3088
1655 4744 3089
1 4745 4744
142 4887 4745
18004 22891 4887
1 22892 22891
STP 81 ALG 5 weight 2.25 Nodes 22894 path 85
Op order: Right Left Down Up 
Solving STP Korf instance [82 of 100] using DSD weight 2.500000
1 1 0
1 2 1
1 3 2
1 4 3
6 10 4
1 11 10
12 23 11
2 25 23
1 26 25
1 27 26
1 28 27
1 29 28
1 30 29
1 31 30
21 52 31
6 58 52
1 59 58
1 60 59
1 61 60
1 62 61
8 70 62
1 71 70
1 72 71
285 357 72
1 358 357
59 417 358
24 441 417
163 604 441
256 860 604
2015 2875 860
4 2879 2875
2 2881 2879
1 2882 2881
2 2884 2882
2 2886 2884
14 2900 2886
1 2901 2900
1 2902 2901
2 2904 2902
41 2945 2904
4 2949 2945
1 2950 2949
1 2951 2950
61 3012 2951
2 3014 3012
1 3015 3014
11 3026 3015
2 3028 3026
46 3074 3028
65 3139 3074
1536 4675 3139
1 4676 4675
88 4764 4676
4460 9224 4764
4786 14010 9224
STP 81 ALG 5 weight 2.50 Nodes 14012 path 91
Op order: Right Left Down Up 
Solving STP Korf instance [82 of 100] using DSD weight 2.750000
1 1 0
1 2 1
1 3 2
2 5 3
2 7 5
1 8 7
1 9 8
3 12 9
1 13 12
2 15 13
1 16 15
1 17 16
1 18 17
2 20 18
32 52 20
102 154 52
1 155 154
1 156 155
1 157 156
9 166 157
3 169 166
1 170 169
1 171 170
144 315 171
1 316 315
101 417 316
33 450 417
135 585 450
2 587 585
2288 2875 587
1 2876 2875
2 2878 2876
1 2879 2878
2 2881 2879
2 2883 2881
16 2899 2883
1 2900 2899
1 2901 2900
2 2903 2901
39 2942 2903
5 2947 2942
1 2948 2947
1 2949 2948
77 3026 2949
2 3028 3026
1 3029 3028
11 3040 3029
2 3042 3040
37 3079 3042
60 3139 3079
1154 4293 3139
2 4295 4293
56 4351 4295
1758 6109 4351
341 6450 6109
STP 81 ALG 5 weight 2.75 Nodes 6452 path 91
Op order: Right Left Down Up 
Solving STP Korf instance [82 of 100] using DSD weight 3.000000
1 1 0
1 2 1
1 3 2
1 4 3
1 5 4
1 6 5
1 7 6
1 8 7
32 40 8
3 43 40
1 44 43
1 45 44
1 46 45
1 47 46
104 151 47
7 158 151
195 353 158
1 354 353
6 360 354
1 361 360
1 362 361
12 374 362
1 375 374
37 412 375
1 413 412
1 414 413
2408 2822 414
2 2824 2822
13 2837 2824
2 2839 2837
37 2876 2839
10 2886 2876
2 2888 2886
1 2889 2888
2 2891 2889
2 2893 2891
14 2907 2893
1 2908 2907
1 2909 2908
2 2911 2909
17 2928 2911
69 2997 2928
1 2998 2997
1 2999 2998
1 3000 2999
2 3002 3000
1 3003 3002
14 3017 3003
2 3019 3017
35 3054 3019
36 3090 3054
514 3604 3090
2 3606 3604
27 3633 3606
17479 21112 3633
2 21114 21112
STP 81 ALG 5 weight 3.00 Nodes 21116 path 95
Op order: Right Left Down Up 
Solving STP Korf instance [82 of 100] using DSD weight 1.250000
1 1 0
1 2 1
1 3 2
1 4 3
1 5 4
1 6 5
1 7 6
1 8 7
1 9 8
27 36 9
1 37 36
1 38 37
1 39 38
1 40 39
3 43 40
11 54 43
1 55 54
1 56 55
1 57 56
1 58 57
8 66 58
1 67 66
1 68 67
3 71 68
4 75 71
1 76 75
2 78 76
4 82 78
115 197 82
1 198 197
521 719 198
2 721 719
8 729 721
16 745 729
1 746 745
159 905 746
998 1903 905
1 1904 1903
978 2882 1904
1892 4774 2882
3 4777 4774
1 4778 4777
5174 9952 4778
52466 62418 9952
502612 565030 62418
131 565161 565030
3699 568860 565161
2.88168e+06 3450539 568860
5.64684e+06 9097381 3450539
10000000 nodes expanded, 30012837 generated => Terminated.
STP 81 ALG 6 weight 1.25 Nodes 10000000 path 0
Op order: Right Left Down Up 
Solving STP Korf instance [82 of 100] using DSD weight 1.500000
1 1 0
1 2 1
1 3 2
1 4 3
1 5 4
1 6 5
1 7 6
1 8 7
1 9 8
13 22 9
1 23 22
8 31 23
1 32 31
1 33 32
21 54 33
1 55 54
2 57 55
36 93 57
1 94 93
1 95 94
1 96 95
8 104 96
1 105 104
1 106 105
1 107 106
3 110 107
1 111 110
2 113 111
2 115 113
89 204 115
1 205 204
13 218 205
72 290 218
2 292 290
1 293 292
5 298 293
54 352 298
11 363 352
1 364 363
1 365 364
1 366 365
3 369 366
39 408 369
224 632 408
4 636 632
1 637 636
5 642 637
3435 4077 642
7153 11230 4077
1 11231 11230
116469 127700 11231
199 127899 127700
1 127900 127899
834364 962264 127900
16240 978504 962264
1 978505 978504
STP 81 ALG 6 weight 1.50 Nodes 978507 path 67
Op order: Right Left Down Up 
Solving STP Korf instance [82 of 100] using DSD weight 1.750000
1 1 0
1 2 1
1 3 2
1 4 3
1 5 4
1 6 5
1 7 6
1 8 7
1 9 8
13 22 9
1 23 22
8 31 23
1 32 31
1 33 32
7 40 33
1 41 40
17 58 41
2 60 58
13 73 60
1 74 73
25 99 74
1 100 99
2 102 100
142 244 102
1 245 244
1 246 245
3 249 246
1 250 249
2 252 250
2 254 252
74 328 254
1 329 328
2 331 329
30 361 331
30 391 361
27 418 391
2 420 418
8 428 420
2 430 428
59 489 430
1 490 489
1 491 490
2 493 491
30 523 493
74 597 523
198 795 597
1 796 795
2 798 796
37 835 798
1244 2079 835
1 2080 2079
35 2115 2080
6625 8740 2115
1 8741 8740
24721 33462 8741
1 33463 33462
253598 287061 33463
32054 319115 287061
1 319116 319115
STP 81 ALG 6 weight 1.75 Nodes 319118 path 71
Op order: Right Left Down Up 
Solving STP Korf instance [82 of 100] using DSD weight 2.000000
1 1 0
1 2 1
1 3 2
1 4 3
1 5 4
1 6 5
1 7 6
1 8 7
1 9 8
11 20 9
2 22 20
7 29 22
1 30 29
1 31 30
7 38 31
1 39 38
22 61 39
2 63 61
6 69 63
3 72 69
13 85 72
1 86 85
2 88 86
17 105 88
10 115 105
3 118 115
1 119 118
7 126 119
1 127 126
2 129 127
4 133 129
4 137 133
3 140 137
5 145 140
18 163 145
3 166 163
22 188 166
4 192 188
4 196 192
3 199 196
70 269 199
5 274 269
1 275 274
44 319 275
1 320 319
3 323 320
19 342 323
9 351 342
174 525 351
49 574 525
9 583 574
143 726 583
1 727 726
1 728 727
1 729 728
1535 2264 729
58202 60466 2264
3550 64016 60466
1 64017 64016
STP 81 ALG 6 weight 2.00 Nodes 64019 path 81
Op order: Right Left Down Up 
Solving STP Korf instance [82 of 100] using DSD weight 2.250000
1 1 0
1 2 1
1 3 2
1 4 3
1 5 4
1 6 5
1 7 6
1 8 7
1 9 8
11 20 9
2 22 20
7 29 22
1 30 29
1 31 30
7 38 31
1 39 38
22 61 39
2 63 61
6 69 63
3 72 69
13 85 72
1 86 85
2 88 86
4 92 88
20 112 92
3 115 112
1 116 115
7 123 116
1 124 123
2 126 124
4 130 126
4 134 130
3 137 134
5 142 137
14 156 142
3 159 156
21 180 159
3 183 180
4 187 183
3 190 187
25 215 190
5 220 215
1 221 220
8 229 221
78 307 229
18 325 307
8 333 325
18 351 333
1 352 351
1 353 352
156 509 353
94 603 509
1 604 603
805 1409 604
1 1410 1409
1 1411 1410
12594 14005 1411
1 14006 14005
STP 81 ALG 6 weight 2.25 Nodes 14008 path 85
Op order: Right Left Down Up 
Solving STP Korf instance [82 of 100] using DSD weight 2.500000
1 1 0
1 2 1
1 3 2
1 4 3
1 5 4
1 6 5
1 7 6
1 8 7
1 9 8
11 20 9
2 22 20
7 29 22
1 30 29
1 31 30
7 38 31
1 39 38
9 48 39
1 49 48
1 50 49
1 51 50
3 54 51
1 55 54
3 58 55
21 79 58
1 80 79
1 81 80
1 82 81
5 87 82
2 89 87
3 92 89
5 97 92
1 98 97
2 100 98
10 110 100
10 120 110
1 121 120
1 122 121
1 123 122
2 125 123
7 132 125
5 137 132
22 159 137
30 189 159
1 190 189
4 194 190
38 232 194
2 234 232
88 322 234
1 323 322
2 325 323
9 334 325
112 446 334
2 448 446
1 449 448
442 891 449
1 892 891
1 893 892
1 894 893
15 909 894
1 910 909
563 1473 910
1 1474 1473
8149 9623 1474
2 9625 9623
STP 81 ALG 6 weight 2.50 Nodes 9627 path 91
Op order: Right Left Down Up 
Solving STP Korf instance [82 of 100] using DSD weight 2.750000
1 1 0
1 2 1
1 3 2
1 4 3
1 5 4
1 6 5
1 7 6
1 8 7
1 9 8
11 20 9
2 22 20
7 29 22
1 30 29
1 31 30
7 38 31
1 39 38
9 48 39
1 49 48
1 50 49
1 51 50
3 54 51
1 55 54
3 58 55
16 74 58
1 75 74
1 76 75
1 77 76
5 82 77
2 84 82
3 87 84
5 92 87
1 93 92
2 95 93
10 105 95
3 108 105
1 109 108
1 110 109
1 111 110
2 113 111
5 118 113
7 125 118
22 147 125
32 179 147
1 180 179
3 183 180
34 217 183
2 219 217
42 261 219
1 262 261
2 264 262
11 275 264
191 466 275
2 468 466
1 469 468
434 903 469
1 904 903
1 905 904
1 906 905
15 921 906
1 922 921
415 1337 922
1 1338 1337
1704 3042 1338
2 3044 3042
STP 81 ALG 6 weight 2.75 Nodes 3046 path 95
Op order: Right Left Down Up 
Solving STP Korf instance [82 of 100] using DSD weight 3.000000
1 1 0
1 2 1
1 3 2
1 4 3
1 5 4
1 6 5
1 7 6
1 8 7
1 9 8
11 20 9
2 22 20
7 29 22
1 30 29
1 31 30
2 33 31
1 34 33
9 43 34
1 44 43
1 45 44
1 46 45
3 49 46
1 50 49
3 53 50
6 59 53
1 60 59
1 61 60
1 62 61
3 65 62
2 67 65
3 70 67
5 75 70
1 76 75
2 78 76
10 88 78
3 91 88
1 92 91
1 93 92
1 94 93
2 96 94
5 101 96
7 108 101
22 130 108
32 162 130
1 163 162
3 166 163
31 197 166
2 199 197
36 235 199
1 236 235
2 238 236
9 247 238
127 374 247
2 376 374
1 377 376
254 631 377
261 892 631
1 893 892
1 894 893
15 909 894
1 910 909
384 1294 910
1 1295 1294
1406 2701 1295
2 2703 2701
STP 81 ALG 6 weight 3.00 Nodes 2705 path 95
Op order: Right Left Down Up 
Solving STP Korf instance [82 of 100] using DSD weight 1.250000
1 1 0
1 2 1
1 3 2
1 4 3
1 5 4
1 6 5
1 7 6
1 8 7
1 9 8
27 36 9
1 37 36
1 38 37
1 39 38
1 40 39
12 52 40
6 58 52
1 59 58
1 60 59
1 61 60
1 62 61
8 70 62
1 71 70
1 72 71
202 274 72
1 275 274
143 418 275
11 429 418
169 598 429
2272 2870 598
8 2878 2870
1 2879 2878
2 2881 2879
1 2882 2881
2 2884 2882
4244 7128 2884
11436 18564 7128
1 18565 18564
2 18567 18565
84138 102705 18567
1071 103776 102705
2 103778 103776
411 104189 103778
1 104190 104189
335746 439936 104190
2 439938 439936
120684 560622 439938
184640 745262 560622
1.24562e+06 1990881 745262
536929 2527810 1990881
3437 2531247 2527810
1 2531248 2531247
10000000 nodes expanded, 29675413 generated => Terminated.
STP 81 ALG 7 weight 1.25 Nodes 10000000 path 0
Op order: Right Left Down Up 
Solving STP Korf instance [82 of 100] using DSD weight 1.500000
1 1 0
1 2 1
1 3 2
1 4 3
1 5 4
1 6 5
1 7 6
1 8 7
1 9 8
27 36 9
1 37 36
1 38 37
1 39 38
1 40 39
12 52 40
6 58 52
1 59 58
1 60 59
1 61 60
1 62 61
8 70 62
1 71 70
1 72 71
202 274 72
1 275 274
117 392 275
37 429 392
169 598 429
1342 1940 598
636 2576 1940
1 2577 2576
2 2579 2577
1 2580 2579
2 2582 2580
2 2584 2582
3630 6214 2584
1 6215 6214
2 6217 6215
9952 16169 6217
7877 24046 16169
6328 30374 24046
287 30661 30374
1 30662 30661
20 30682 30662
88888 119570 30682
923 120493 119570
41464 161957 120493
351321 513278 161957
343 513621 513278
118870 632491 513621
1 632492 632491
565600 1198092 632492
2.06062e+06 3258716 1198092
1 3258717 3258716
STP 81 ALG 7 weight 1.50 Nodes 3258719 path 67
Op order: Right Left Down Up 
Solving STP Korf instance [82 of 100] using DSD weight 1.750000
1 1 0
1 2 1
1 3 2
1 4 3
1 5 4
1 6 5
1 7 6
1 8 7
1 9 8
27 36 9
1 37 36
1 38 37
1 39 38
1 40 39
11 51 40
6 57 51
1 58 57
1 59 58
1 60 59
1 61 60
8 69 61
1 70 69
1 71 70
201 272 71
1 273 272
41 314 273
40 354 314
185 539 354
295 834 539
751 1585 834
1 1586 1585
2 1588 1586
1 1589 1588
2 1591 1589
2 1593 1591
2609 4202 1593
1 4203 4202
1 4204 4203
2 4206 4204
7622 11828 4206
12272 24100 11828
28 24128 24100
258 24386 24128
8 24394 24386
61 24455 24394
1656 26111 24455
1 26112 26111
7 26119 26112
91550 117669 26119
1 117670 117669
41723 159393 117670
1 159394 159393
381715 541109 159394
1 541110 541109
1 541111 541110
STP 81 ALG 7 weight 1.75 Nodes 541113 path 71
Op order: Right Left Down Up 
Solving STP Korf instance [82 of 100] using DSD weight 2.000000
1 1 0
1 2 1
1 3 2
1 4 3
1 5 4
1 6 5
1 7 6
1 8 7
1 9 8
27 36 9
1 37 36
1 38 37
1 39 38
1 40 39
11 51 40
6 57 51
1 58 57
1 59 58
1 60 59
1 61 60
8 69 61
1 70 69
1 71 70
199 270 71
1 271 270
13 284 271
65 349 284
133 482 349
77 559 482
988 1547 559
1 1548 1547
2 1550 1548
1 1551 1550
2 1553 1551
2 1555 1553
704 2259 1555
1 2260 2259
1 2261 2260
2 2263 2261
6725 8988 2263
3572 12560 8988
64 12624 12560
1 12625 12624
1 12626 12625
2 12628 12626
38 12666 12628
1 12667 12666
15 12682 12667
16595 29277 12682
1 29278 29277
32571 61849 29278
901 62750 61849
2061 64811 62750
1 64812 64811
1 64813 64812
STP 81 ALG 7 weight 2.00 Nodes 64815 path 75
Op order: Right Left Down Up 
Solving STP Korf instance [82 of 100] using DSD weight 2.250000
1 1 0
1 2 1
1 3 2
1 4 3
1 5 4
1 6 5
1 7 6
1 8 7
1 9 8
14 23 9
1 24 23
8 32 24
1 33 32
1 34 33
16 50 34
1 51 50
39 90 51
1 91 90
1 92 91
1 93 92
1 94 93
8 102 94
1 103 102
1 104 103
37 141 104
3 144 141
1 145 144
2 147 145
482 629 147
23 652 629
1063 1715 652
1 1716 1715
5 1721 1716
3 1724 1721
472 2196 1724
19 2215 2196
646 2861 2215
1 2862 2861
2 2864 2862
18 2882 2864
2 2884 2882
6810 9694 2884
5 9699 9694
33 9732 9699
592 10324 9732
135 10459 10324
6758 17217 10459
15 17232 17217
2635 19867 17232
8301 28168 19867
1 28169 28168
1 28170 28169
96 28266 28170
44774 73040 28266
1 73041 73040
STP 81 ALG 7 weight 2.25 Nodes 73043 path 81
Op order: Right Left Down Up 
Solving STP Korf instance [82 of 100] using DSD weight 2.500000
1 1 0
1 2 1
1 3 2
1 4 3
1 5 4
1 6 5
1 7 6
1 8 7
1 9 8
14 23 9
1 24 23
8 32 24
1 33 32
1 34 33
16 50 34
1 51 50
8 59 51
34 93 59
1 94 93
1 95 94
1 96 95
8 104 96
1 105 104
1 106 105
41 147 106
3 150 147
1 151 150
2 153 151
104 257 153
652 909 257
184 1093 909
5 1098 1093
1 1099 1098
503 1602 1099
573 2175 1602
22 2197 2175
271 2468 2197
1 2469 2468
2 2471 2469
22 2493 2471
2 2495 2493
2191 4686 2495
5 4691 4686
19 4710 4691
38 4748 4710
2050 6798 4748
6547 13345 6798
3 13348 13345
14 13362 13348
363 13725 13362
6104 19829 13725
1 19830 19829
51 19881 19830
37437 57318 19881
109 57427 57318
STP 81 ALG 7 weight 2.50 Nodes 57429 path 93
Op order: Right Left Down Up 
Solving STP Korf instance [82 of 100] using DSD weight 2.750000
1 1 0
1 2 1
1 3 2
1 4 3
1 5 4
1 6 5
1 7 6
1 8 7
1 9 8
13 22 9
1 23 22
8 31 23
1 32 31
1 33 32
21 54 33
1 55 54
4 59 55
56 115 59
1 116 115
1 117 116
1 118 117
8 126 118
1 127 126
1 128 127
25 153 128
3 156 153
1 157 156
2 159 157
120 279 159
603 882 279
181 1063 882
3 1066 1063
4 1070 1066
258 1328 1070
514 1842 1328
19 1861 1842
437 2298 1861
2 2300 2298
244 2544 2300
2 2546 2544
20 2566 2546
2 2568 2566
1423 3991 2568
3 3994 3991
3 3997 3994
2 3999 3997
1 4000 3999
1 4001 4000
40 4041 4001
3 4044 4041
14 4058 4044
5722 9780 4058
767 10547 9780
2 10549 10547
7 10556 10549
408 10964 10556
2 10966 10964
STP 81 ALG 7 weight 2.75 Nodes 10968 path 95
Op order: Right Left Down Up 
Solving STP Korf instance [82 of 100] using DSD weight 3.000000
1 1 0
1 2 1
1 3 2
1 4 3
1 5 4
1 6 5
1 7 6
1 8 7
1 9 8
13 22 9
1 23 22
8 31 23
1 32 31
1 33 32
19 52 33
1 53 52
4 57 53
58 115 57
1 116 115
1 117 116
1 118 117
8 126 118
1 127 126
1 128 127
25 153 128
3 156 153
1 157 156
2 159 157
114 273 159
530 803 273
2 805 803
2 807 805
1 808 807
129 937 808
4 941 937
3 944 941
22 966 944
177 1143 966
1 1144 1143
2 1146 1144
18 1164 1146
2 1166 1164
2116 3282 1166
1 3283 3282
1 3284 3283
2 3286 3284
78 3364 3286
1 3365 3364
48 3413 3365
3 3416 3413
12 3428 3416
555 3983 3428
2420 6403 3983
1 6404 6403
3 6407 6404
12646 19053 6407
2 19055 19053
STP 81 ALG 7 weight 3.00 Nodes 19057 path 95
Op order: Right Left Down Up 
Solving STP Korf instance [82 of 100] using DSD weight 1.250000
1 1 0
1 2 1
1 3 2
1 4 3
2 6 4
1 7 6
1 8 7
1 9 8
1 10 9
29 39 10
1 40 39
1 41 40
1 42 41
1 43 42
3 46 43
6 52 46
1 53 52
2 55 53
1 56 55
1 57 56
8 65 57
1 66 65
1 67 66
3 70 67
24 94 70
1 95 94
2 97 95
22 119 97
407 526 119
2 528 526
2 530 528
1 531 530
861 1392 531
164 1556 1392
3 1559 1556
1110 2669 1559
376 3045 2669
1 3046 3045
2 3048 3046
1877 4925 3048
3 4928 4925
1 4929 4928
1 4930 4929
18939 23869 4930
27379 51248 23869
326967 378215 51248
85344 463559 378215
178110 641669 463559
2.78979e+06 3431462 641669
1.35876e+06 4790218 3431462
10000000 nodes expanded, 29979793 generated => Terminated.
STP 81 ALG 8 weight 1.25 Nodes 10000000 path 0
Op order: Right Left Down Up 
Solving STP Korf instance [82 of 100] using DSD weight 1.500000
1 1 0
1 2 1
1 3 2
1 4 3
1 5 4
1 6 5
1 7 6
1 8 7
1 9 8
13 22 9
1 23 22
8 31 23
1 32 31
1 33 32
7 40 33
1 41 40
17 58 41
2 60 58
46 106 60
3 109 106
1 110 109
1 111 110
8 119 111
1 120 119
1 121 120
1 122 121
4 126 122
1 127 126
2 129 127
2 131 129
87 218 131
1 219 218
167 386 219
37 423 386
2 425 423
1 426 425
45 471 426
12 483 471
1 484 483
1 485 484
1 486 485
3 489 486
851 1340 489
691 2031 1340
4 2035 2031
1 2036 2035
2 2038 2036
8082 10120 2038
11718 21838 10120
79 21917 21838
114917 136834 21917
2 136836 136834
85736 222572 136836
1 222573 222572
1.3213e+06 1543870 222573
5.27044e+06 6814312 1543870
1 6814313 6814312
STP 81 ALG 8 weight 1.50 Nodes 6814315 path 69
Op order: Right Left Down Up 
Solving STP Korf instance [82 of 100] using DSD weight 1.750000
1 1 0
1 2 1
1 3 2
1 4 3
1 5 4
1 6 5
1 7 6
1 8 7
1 9 8
11 20 9
2 22 20
7 29 22
1 30 29
1 31 30
9 40 31
3 43 40
16 59 43
4 63 59
106 169 63
1 170 169
1 171 170
1 172 171
8 180 172
1 181 180
1 182 181
1 183 182
3 186 183
1 187 186
2 189 187
2 191 189
84 275 191
1 276 275
31 307 276
64 371 307
2 373 371
1 374 373
5 379 374
40 419 379
13 432 419
1 433 432
1 434 433
1 435 434
3 438 435
31 469 438
168 637 469
4 641 637
1 642 641
2 644 642
30 674 644
1728 2402 674
1 2403 2402
1222 3625 2403
23739 27364 3625
1817 29181 27364
1 29182 29181
1 29183 29182
71361 100544 29183
401267 501811 100544
1 501812 501811
STP 81 ALG 8 weight 1.75 Nodes 501814 path 71
Op order: Right Left Down Up 
Solving STP Korf instance [82 of 100] using DSD weight 2.000000
1 1 0
1 2 1
1 3 2
1 4 3
1 5 4
1 6 5
1 7 6
1 8 7
1 9 8
1 10 9
8 18 10
1 19 18
1 20 19
18 38 20
2 40 38
14 54 40
2 56 54
131 187 56
3 190 187
8 198 190
1 199 198
91 290 199
1 291 290
1 292 291
2 294 292
217 511 294
1 512 511
2 514 512
2 516 514
114 630 516
1 631 630
5 636 631
299 935 636
4 939 935
88 1027 939
5 1032 1027
81 1113 1032
11 1124 1113
1 1125 1124
1 1126 1125
1 1127 1126
3 1130 1127
32 1162 1130
114 1276 1162
4 1280 1276
1 1281 1280
2 1283 1281
9 1292 1283
1970 3262 1292
2 3264 3262
973 4237 3264
21779 26016 4237
37 26053 26016
532 26585 26053
1 26586 26585
85167 111753 26586
956 112709 111753
1 112710 112709
STP 81 ALG 8 weight 2.00 Nodes 112712 path 73
Op order: Right Left Down Up 
Solving STP Korf instance [82 of 100] using DSD weight 2.250000
1 1 0
1 2 1
1 3 2
1 4 3
1 5 4
1 6 5
1 7 6
1 8 7
1 9 8
1 10 9
8 18 10
1 19 18
1 20 19
18 38 20
2 40 38
17 57 40
2 59 57
81 140 59
4 144 140
4 148 144
1 149 148
102 251 149
1 252 251
1 253 252
2 255 253
234 489 255
3 492 489
1 493 492
2 495 493
3 498 495
1 499 498
1 500 499
50 550 500
1 551 550
2 553 551
13 566 553
1 567 566
2 569 567
4 573 569
5 578 573
27 605 578
1 606 605
278 884 606
10 894 884
427 1321 894
8 1329 1321
205 1534 1329
1411 2945 1534
1 2946 2945
1 2947 2946
2 2949 2947
1295 4244 2949
9678 13922 4244
1 13923 13922
2 13925 13923
2742 16667 13925
19684 36351 16667
1 36352 36351
1 36353 36352
STP 81 ALG 8 weight 2.25 Nodes 36355 path 69
Op order: Right Left Down Up 
Solving STP Korf instance [82 of 100] using DSD weight 2.500000
1 1 0
1 2 1
1 3 2
1 4 3
1 5 4
1 6 5
1 7 6
1 8 7
1 9 8
1 10 9
8 18 10
1 19 18
1 20 19
11 31 20
1 32 31
29 61 32
2 63 61
13 76 63
1 77 76
9 86 77
1 87 86
2 89 87
4 93 89
39 132 93
21 153 132
7 160 153
1 161 160
2 163 161
3 166 163
1 167 166
1 168 167
88 256 168
1 257 256
2 259 257
1 260 259
2 262 260
3 265 262
1 266 265
2 268 266
1 269 268
2 271 269
42 313 271
1 314 313
19 333 314
693 1026 333
1 1027 1026
1 1028 1027
1 1029 1028
3 1032 1029
85 1117 1032
296 1413 1117
38 1451 1413
89 1540 1451
1 1541 1540
244 1785 1541
15798 17583 1785
1 17584 17583
STP 81 ALG 8 weight 2.50 Nodes 17586 path 81
Op order: Right Left Down Up 
Solving STP Korf instance [82 of 100] using DSD weight 2.750000
1 1 0
1 2 1
1 3 2
1 4 3
1 5 4
1 6 5
1 7 6
1 8 7
1 9 8
1 10 9
8 18 10
1 19 18
1 20 19
11 31 20
1 32 31
29 61 32
2 63 61
13 76 63
1 77 76
9 86 77
1 87 86
2 89 87
4 93 89
41 134 93
22 156 134
4 160 156
1 161 160
2 163 161
3 166 163
1 167 166
1 168 167
83 251 168
1 252 251
2 254 252
12 266 254
1 267 266
2 269 267
4 273 269
2 275 273
6 281 275
1 282 281
11 293 282
10 303 293
31 334 303
18 352 334
214 566 352
13 579 566
50 629 579
36 665 629
207 872 665
770 1642 872
1 1643 1642
3735 5378 1643
3 5381 5378
1 5382 5381
74 5456 5382
7087 12543 5456
1 12544 12543
STP 81 ALG 8 weight 2.75 Nodes 12546 path 77
Op order: Right Left Down Up 
Solving STP Korf instance [82 of 100] using DSD weight 3.000000
1 1 0
1 2 1
1 3 2
1 4 3
1 5 4
1 6 5
1 7 6
1 8 7
1 9 8
1 10 9
8 18 10
1 19 18
1 20 19
2 22 20
1 23 22
25 48 23
1 49 48
1 50 49
1 51 50
3 54 51
1 55 54
3 58 55
54 112 58
12 124 112
2 126 124
1 127 126
179 306 127
1 307 306
42 349 307
1 350 349
2 352 350
1 353 352
2 355 353
94 449 355
2 451 449
2 453 451
6 459 453
24 483 459
5 488 483
7 495 488
1 496 495
5 501 496
91 592 501
1 593 592
8 601 593
1 602 601
1 603 602
13 616 603
543 1159 616
3 1162 1159
296 1458 1162
1 1459 1458
45 1504 1459
811 2315 1504
1 2316 2315
1 2317 2316
3 2320 2317
5265 7585 2320
1 7586 7585
STP 81 ALG 8 weight 3.00 Nodes 7588 path 89
Op order: Right Left Down Up 
Solving STP Korf instance [83 of 100] using DSD weight 1.250000
1 1 0
1 2 1
1 3 2
1 4 3
1 5 4
1 6 5
1 7 6
1 8 7
1 9 8
1 10 9
1 11 10
4 15 11
1 16 15
1 17 16
3 20 17
48 68 20
1 69 68
1 70 69
152 222 70
28 250 222
9 259 250
7 266 259
1 267 266
189 456 267
2 458 456
2 460 458
1339 1799 460
1526 3325 1799
1 3326 3325
7 3333 3326
2694 6027 3333
4498 10525 6027
225 10750 10525
26 10776 10750
4227 15003 10776
30282 45285 15003
1 45286 45285
1 45287 45286
1 45288 45287
10 45298 45288
625995 671293 45298
1 671294 671293
1 671295 671294
STP 82 ALG 0 weight 1.25 Nodes 671296 path 50
Op order: Right Left Down Up 
Solving STP Korf instance [83 of 100] using DSD weight 1.500000
1 1 0
1 2 1
1 3 2
1 4 3
1 5 4
1 6 5
1 7 6
1 8 7
1 9 8
1 10 9
1 11 10
4 15 11
1 16 15
1 17 16
2 19 17
24 43 19
1 44 43
3 47 44
1 48 47
46 94 48
26 120 94
1 121 120
8 129 121
1 130 129
2 132 130
1 133 132
157 290 133
97 387 290
5 392 387
562 954 392
1275 2229 954
554 2783 2229
36 2819 2783
769 3588 2819
125 3713 3588
1 3714 3713
5 3719 3714
8 3727 3719
29474 33201 3727
2 33203 33201
5610 38813 33203
1 38814 38813
1 38815 38814
395820 434635 38815
1 434636 434635
1 434637 434636
STP 82 ALG 0 weight 1.50 Nodes 434638 path 52
Op order: Right Left Down Up 
Solving STP Korf instance [83 of 100] using DSD weight 1.750000
1 1 0
1 2 1
1 3 2
1 4 3
1 5 4
1 6 5
1 7 6
1 8 7
1 9 8
1 10 9
1 11 10
4 15 11
1 16 15
1 17 16
2 19 17
13 32 19
2 34 32
2 36 34
1 37 36
13 50 37
42 92 50
16 108 92
2 110 108
12 122 110
2 124 122
1 125 124
7 132 125
176 308 132
63 371 308
24 395 371
985 1380 395
4 1384 1380
2 1386 1384
19 1405 1386
209 1614 1405
1 1615 1614
5412 7027 1615
1 7028 7027
1 7029 7028
3 7032 7029
1240 8272 7032
102837 111109 8272
1 111110 111109
1 111111 111110
STP 82 ALG 0 weight 1.75 Nodes 111112 path 52
Op order: Right Left Down Up 
Solving STP Korf instance [83 of 100] using DSD weight 2.000000
1 1 0
1 2 1
1 3 2
1 4 3
1 5 4
1 6 5
1 7 6
1 8 7
1 9 8
1 10 9
1 11 10
4 15 11
1 16 15
1 17 16
2 19 17
8 27 19
3 30 27
2 32 30
1 33 32
2 35 33
10 45 35
3 48 45
40 88 48
9 97 88
2 99 97
1 100 99
6 106 100
21 127 106
182 309 127
5 314 309
1 315 314
2 317 315
1124 1441 317
1 1442 1441
2 1444 1442
6 1450 1444
1 1451 1450
11 1462 1451
2861 4323 1462
1 4324 4323
1 4325 4324
4797 9122 4325
79867 88989 9122
1 88990 88989
1 88991 88990
STP 82 ALG 0 weight 2.00 Nodes 88992 path 58
Op order: Right Left Down Up 
Solving STP Korf instance [83 of 100] using DSD weight 2.250000
1 1 0
1 2 1
1 3 2
1 4 3
1 5 4
1 6 5
1 7 6
1 8 7
1 9 8
1 10 9
1 11 10
4 15 11
1 16 15
1 17 16
2 19 17
8 27 19
3 30 27
2 32 30
1 33 32
2 35 33
10 45 35
3 48 45
40 88 48
9 97 88
2 99 97
1 100 99
6 106 100
20 126 106
46 172 126
8 180 172
1 181 180
2 183 181
564 747 183
3 750 747
13 763 750
32 795 763
1 796 795
10 806 796
1176 1982 806
565 2547 1982
1 2548 2547
922 3470 2548
38443 41913 3470
1 41914 41913
STP 82 ALG 0 weight 2.25 Nodes 41916 path 60
Op order: Right Left Down Up 
Solving STP Korf instance [83 of 100] using DSD weight 2.500000
1 1 0
1 2 1
1 3 2
1 4 3
1 5 4
1 6 5
1 7 6
1 8 7
1 9 8
1 10 9
1 11 10
4 15 11
1 16 15
1 17 16
2 19 17
8 27 19
3 30 27
2 32 30
1 33 32
2 35 33
5 40 35
3 43 40
24 67 43
62 129 67
9 138 129
2 140 138
1 141 140
6 147 141
17 164 147
45 209 164
8 217 209
1 218 217
2 220 218
248 468 220
148 616 468
2 618 616
6 624 618
1 625 624
8 633 625
140 773 633
905 1678 773
1 1679 1678
10773 12452 1679
23 12475 12452
1 12476 12475
STP 82 ALG 0 weight 2.50 Nodes 12478 path 64
Op order: Right Left Down Up 
Solving STP Korf instance [83 of 100] using DSD weight 2.750000
1 1 0
1 2 1
1 3 2
1 4 3
1 5 4
1 6 5
1 7 6
1 8 7
1 9 8
1 10 9
1 11 10
4 15 11
1 16 15
1 17 16
2 19 17
8 27 19
3 30 27
2 32 30
1 33 32
2 35 33
5 40 35
3 43 40
19 62 43
67 129 62
9 138 129
2 140 138
1 141 140
6 147 141
17 164 147
44 208 164
8 216 208
1 217 216
2 219 217
164 383 219
80 463 383
47 510 463
1 511 510
2 513 511
430 943 513
8 951 943
94 1045 951
266 1311 1045
1 1312 1311
8725 10037 1312
22 10059 10037
1 10060 10059
STP 82 ALG 0 weight 2.75 Nodes 10062 path 64
Op order: Right Left Down Up 
Solving STP Korf instance [83 of 100] using DSD weight 3.000000
1 1 0
1 2 1
1 3 2
1 4 3
1 5 4
1 6 5
1 7 6
1 8 7
1 9 8
1 10 9
1 11 10
4 15 11
1 16 15
1 17 16
2 19 17
8 27 19
3 30 27
2 32 30
1 33 32
2 35 33
5 40 35
2 42 40
13 55 42
10 65 55
48 113 65
1 114 113
1 115 114
2 117 115
6 123 117
7 130 123
21 151 130
35 186 151
20 206 186
10 216 206
2 218 216
2 220 218
6 226 220
33 259 226
35 294 259
1 295 294
1 296 295
63 359 296
2 361 359
1 362 361
1 363 362
26 389 363
1063 1452 389
2175 3627 1452
1 3628 3627
STP 82 ALG 0 weight 3.00 Nodes 3630 path 62
Op order: Right Left Down Up 
Solving STP Korf instance [83 of 100] using DSD weight 1.250000
1 1 0
1 2 1
1 3 2
3 6 3
1 7 6
1 8 7
1 9 8
4 13 9
1 14 13
1 15 14
1 16 15
1 17 16
4 21 17
1 22 21
1 23 22
4 27 23
70 97 27
3 100 97
2 102 100
1 103 102
330 433 103
37 470 433
28 498 470
16 514 498
1 515 514
173 688 515
2 690 688
2 692 690
1348 2040 692
1530 3570 2040
1 3571 3570
4 3575 3571
5016 8591 3575
2300 10891 8591
100 10991 10891
1 10992 10991
5 10997 10992
8 11005 10997
45228 56233 11005
1 56234 56233
1 56235 56234
1 56236 56235
2 56238 56236
573038 629276 56238
1 629277 629276
1 629278 629277
STP 82 ALG 1 weight 1.25 Nodes 629279 path 52
Op order: Right Left Down Up 
Solving STP Korf instance [83 of 100] using DSD weight 1.500000
1 1 0
1 2 1
1 3 2
3 6 3
1 7 6
1 8 7
1 9 8
4 13 9
1 14 13
1 15 14
1 16 15
1 17 16
4 21 17
1 22 21
1 23 22
4 27 23
70 97 27
3 100 97
2 102 100
1 103 102
330 433 103
37 470 433
28 498 470
16 514 498
1 515 514
2 517 515
1 518 517
6 524 518
185 709 524
4 713 709
1366 2079 713
912 2991 2079
1 2992 2991
445 3437 2992
5565 9002 3437
1 9003 9002
3 9006 9003
5 9011 9006
1748 10759 9011
1 10760 10759
1 10761 10760
3 10764 10761
2032 12796 10764
186103 198899 12796
1 198900 198899
1 198901 198900
STP 82 ALG 1 weight 1.50 Nodes 198902 path 58
Op order: Right Left Down Up 
Solving STP Korf instance [83 of 100] using DSD weight 1.750000
1 1 0
1 2 1
1 3 2
3 6 3
1 7 6
1 8 7
1 9 8
4 13 9
1 14 13
1 15 14
1 16 15
1 17 16
4 21 17
1 22 21
1 23 22
4 27 23
70 97 27
3 100 97
2 102 100
1 103 102
330 433 103
37 470 433
28 498 470
2 500 498
17 517 500
2 519 517
1 520 519
6 526 520
17 543 526
189 732 543
12 744 732
1436 2180 744
1 2181 2180
2 2183 2181
18 2201 2183
1 2202 2201
2 2204 2202
6 2210 2204
1 2211 2210
35 2246 2211
206 2452 2246
2 2454 2452
359 2813 2454
1 2814 2813
14691 17505 2814
1 17506 17505
1 17507 17506
STP 82 ALG 1 weight 1.75 Nodes 17509 path 62
Op order: Right Left Down Up 
Solving STP Korf instance [83 of 100] using DSD weight 2.000000
1 1 0
1 2 1
1 3 2
3 6 3
1 7 6
1 8 7
1 9 8
4 13 9
1 14 13
1 15 14
1 16 15
1 17 16
4 21 17
1 22 21
1 23 22
4 27 23
70 97 27
3 100 97
2 102 100
1 103 102
330 433 103
37 470 433
28 498 470
2 500 498
17 517 500
2 519 517
1 520 519
2 522 520
14 536 522
15 551 536
16 567 551
1 568 567
2 570 568
276 846 570
4 850 846
2 852 850
32 884 852
1 885 884
18 903 885
114 1017 903
54 1071 1017
1815 2886 1071
1 2887 2886
13442 16329 2887
1 16330 16329
1 16331 16330
STP 82 ALG 1 weight 2.00 Nodes 16333 path 68
Op order: Right Left Down Up 
Solving STP Korf instance [83 of 100] using DSD weight 2.250000
1 1 0
1 2 1
1 3 2
3 6 3
1 7 6
1 8 7
1 9 8
4 13 9
1 14 13
1 15 14
1 16 15
1 17 16
4 21 17
1 22 21
1 23 22
4 27 23
70 97 27
3 100 97
2 102 100
1 103 102
330 433 103
37 470 433
28 498 470
2 500 498
17 517 500
2 519 517
1 520 519
2 522 520
14 536 522
12 548 536
34 582 548
1 583 582
2 585 583
309 894 585
1 895 894
2 897 895
6 903 897
1 904 903
15 919 904
52 971 919
47 1018 971
413 1431 1018
1 1432 1431
600 2032 1432
1 2033 2032
1 2034 2033
STP 82 ALG 1 weight 2.25 Nodes 2036 path 68
Op order: Right Left Down Up 
Solving STP Korf instance [83 of 100] using DSD weight 2.500000
1 1 0
1 2 1
1 3 2
3 6 3
1 7 6
1 8 7
1 9 8
4 13 9
1 14 13
1 15 14
1 16 15
1 17 16
4 21 17
1 22 21
1 23 22
4 27 23
70 97 27
3 100 97
2 102 100
1 103 102
330 433 103
37 470 433
28 498 470
2 500 498
17 517 500
2 519 517
1 520 519
2 522 520
14 536 522
12 548 536
34 582 548
1 583 582
2 585 583
33 618 585
3 621 618
62 683 621
1 684 683
2 686 684
31 717 686
483 1200 717
14 1214 1200
69 1283 1214
488 1771 1283
1 1772 1771
1 1773 1772
1040 2813 1773
1 2814 2813
STP 82 ALG 1 weight 2.50 Nodes 2816 path 68
Op order: Right Left Down Up 
Solving STP Korf instance [83 of 100] using DSD weight 2.750000
1 1 0
1 2 1
1 3 2
3 6 3
1 7 6
1 8 7
1 9 8
4 13 9
1 14 13
1 15 14
1 16 15
1 17 16
4 21 17
1 22 21
1 23 22
4 27 23
70 97 27
3 100 97
2 102 100
1 103 102
330 433 103
37 470 433
28 498 470
2 500 498
17 517 500
2 519 517
1 520 519
2 522 520
14 536 522
12 548 536
34 582 548
1 583 582
2 585 583
29 614 585
3 617 614
17 634 617
1 635 634
2 637 635
59 696 637
112 808 696
19 827 808
1041 1868 827
1 1869 1868
35 1904 1869
700 2604 1904
6090 8694 2604
1 8695 8694
STP 82 ALG 1 weight 2.75 Nodes 8697 path 72
Op order: Right Left Down Up 
Solving STP Korf instance [83 of 100] using DSD weight 3.000000
1 1 0
1 2 1
1 3 2
3 6 3
1 7 6
1 8 7
1 9 8
4 13 9
1 14 13
1 15 14
1 16 15
1 17 16
4 21 17
1 22 21
1 23 22
4 27 23
70 97 27
3 100 97
2 102 100
1 103 102
330 433 103
37 470 433
5 475 470
43 518 475
8 526 518
2 528 526
1 529 528
2 531 529
3 534 531
17 551 534
16 567 551
1 568 567
2 570 568
21 591 570
3 594 591
4 598 594
1 599 598
2 601 599
52 653 601
213 866 653
18 884 866
665 1549 884
1 1550 1549
1 1551 1550
184 1735 1551
1 1736 1735
STP 82 ALG 1 weight 3.00 Nodes 1738 path 82
Op order: Right Left Down Up 
Solving STP Korf instance [83 of 100] using DSD weight 1.250000
1 1 0
1 2 1
1 3 2
1 4 3
1 5 4
1 6 5
1 7 6
1 8 7
1 9 8
1 10 9
1 11 10
4 15 11
1 16 15
1 17 16
2 19 17
24 43 19
1 44 43
3 47 44
1 48 47
46 94 48
25 119 94
1 120 119
1 121 120
1 122 121
3 125 122
1 126 125
252 378 126
515 893 378
1728 2621 893
1 2622 2621
7 2629 2622
4139 6768 2629
367 7135 6768
1 7136 7135
406 7542 7136
21440 28982 7542
68500 97482 28982
70394 167876 97482
69 167945 167876
1 167946 167945
677954 845900 167946
1 845901 845900
1 845902 845901
STP 82 ALG 2 weight 1.25 Nodes 845903 path 50
Op order: Right Left Down Up 
Solving STP Korf instance [83 of 100] using DSD weight 1.500000
1 1 0
1 2 1
1 3 2
1 4 3
1 5 4
1 6 5
1 7 6
1 8 7
1 9 8
1 10 9
1 11 10
4 15 11
1 16 15
1 17 16
2 19 17
8 27 19
3 30 27
2 32 30
1 33 32
2 35 33
10 45 35
3 48 45
56 104 48
9 113 104
2 115 113
1 116 115
6 122 116
47 169 122
316 485 169
5 490 485
208 698 490
483 1181 698
282 1463 1181
1294 2757 1463
1 2758 2757
29 2787 2758
3707 6494 2787
1189 7683 6494
5274 12957 7683
1 12958 12957
1 12959 12958
978886 991845 12959
1 991846 991845
1 991847 991846
STP 82 ALG 2 weight 1.50 Nodes 991848 path 52
Op order: Right Left Down Up 
Solving STP Korf instance [83 of 100] using DSD weight 1.750000
1 1 0
1 2 1
1 3 2
1 4 3
1 5 4
1 6 5
1 7 6
1 8 7
1 9 8
1 10 9
1 11 10
4 15 11
1 16 15
1 17 16
2 19 17
8 27 19
3 30 27
2 32 30
1 33 32
2 35 33
5 40 35
3 43 40
72 115 43
6 121 115
24 145 121
2 147 145
1 148 147
6 154 148
17 171 154
45 216 171
3 219 216
1 220 219
24 244 220
231 475 244
152 627 475
639 1266 627
6 1272 1266
40 1312 1272
9203 10515 1312
1 10516 10515
1 10517 10516
1 10518 10517
438595 449113 10518
1 449114 449113
1 449115 449114
STP 82 ALG 2 weight 1.75 Nodes 449116 path 54
Op order: Right Left Down Up 
Solving STP Korf instance [83 of 100] using DSD weight 2.000000
1 1 0
1 2 1
1 3 2
1 4 3
1 5 4
1 6 5
1 7 6
1 8 7
1 9 8
1 10 9
1 11 10
4 15 11
1 16 15
1 17 16
2 19 17
8 27 19
3 30 27
2 32 30
1 33 32
2 35 33
5 40 35
2 42 40
13 55 42
32 87 55
23 110 87
1 111 110
1 112 111
2 114 112
6 120 114
8 128 120
20 148 128
47 195 148
29 224 195
1 225 224
2 227 225
2 229 227
12 241 229
647 888 241
2 890 888
1 891 890
355 1246 891
2830 4076 1246
1 4077 4076
157 4234 4077
2846 7080 4234
22066 29146 7080
4 29150 29146
1 29151 29150
STP 82 ALG 2 weight 2.00 Nodes 29152 path 56
Op order: Right Left Down Up 
Solving STP Korf instance [83 of 100] using DSD weight 2.250000
1 1 0
1 2 1
1 3 2
1 4 3
1 5 4
1 6 5
1 7 6
1 8 7
1 9 8
1 10 9
1 11 10
4 15 11
1 16 15
1 17 16
2 19 17
8 27 19
3 30 27
2 32 30
1 33 32
2 35 33
5 40 35
2 42 40
13 55 42
10 65 55
48 113 65
1 114 113
1 115 114
2 117 115
6 123 117
7 130 123
21 151 130
35 186 151
20 206 186
10 216 206
2 218 216
2 220 218
11 231 220
60 291 231
1 292 291
1 293 292
147 440 293
1 441 440
1 442 441
2510 2952 442
1 2953 2952
1 2954 2953
1 2955 2954
STP 82 ALG 2 weight 2.25 Nodes 2956 path 58
Op order: Right Left Down Up 
Solving STP Korf instance [83 of 100] using DSD weight 2.500000
1 1 0
1 2 1
1 3 2
1 4 3
1 5 4
1 6 5
1 7 6
1 8 7
1 9 8
1 10 9
1 11 10
4 15 11
1 16 15
1 17 16
2 19 17
8 27 19
3 30 27
2 32 30
1 33 32
2 35 33
5 40 35
2 42 40
13 55 42
10 65 55
48 113 65
1 114 113
1 115 114
2 117 115
6 123 117
7 130 123
16 146 130
36 182 146
34 216 182
6 222 216
10 232 222
2 234 232
6 240 234
32 272 240
35 307 272
2 309 307
1 310 309
74 384 310
1 385 384
1 386 385
2265 2651 386
1 2652 2651
1 2653 2652
STP 82 ALG 2 weight 2.50 Nodes 2660 path 60
Op order: Right Left Down Up 
Solving STP Korf instance [83 of 100] using DSD weight 2.750000
1 1 0
1 2 1
1 3 2
1 4 3
1 5 4
1 6 5
1 7 6
1 8 7
1 9 8
1 10 9
1 11 10
4 15 11
1 16 15
1 17 16
2 19 17
8 27 19
3 30 27
2 32 30
1 33 32
2 35 33
5 40 35
2 42 40
13 55 42
3 58 55
38 96 58
9 105 96
1 106 105
2 108 106
6 114 108
7 121 114
16 137 121
35 172 137
22 194 172
6 200 194
15 215 200
2 217 215
6 223 217
32 255 223
40 295 255
1 296 295
1 297 296
45 342 297
2 344 342
1 345 344
1 346 345
3040 3386 346
2162 5548 3386
1 5549 5548
1 5550 5549
STP 82 ALG 2 weight 2.75 Nodes 5552 path 62
Op order: Right Left Down Up 
Solving STP Korf instance [83 of 100] using DSD weight 3.000000
1 1 0
1 2 1
1 3 2
1 4 3
1 5 4
1 6 5
1 7 6
1 8 7
1 9 8
1 10 9
1 11 10
4 15 11
1 16 15
1 17 16
2 19 17
8 27 19
3 30 27
2 32 30
1 33 32
2 35 33
5 40 35
2 42 40
13 55 42
3 58 55
15 73 58
36 109 73
3 112 109
3 115 112
1 116 115
3 119 116
3 122 119
3 125 122
1 126 125
2 128 126
3 131 128
1 132 131
45 177 132
12 189 177
2 191 189
79 270 191
49 319 270
47 366 319
3 369 366
154 523 369
1 524 523
1 525 524
12041 12566 525
1 12567 12566
1 12568 12567
STP 82 ALG 2 weight 3.00 Nodes 12570 path 66
Op order: Right Left Down Up 
Solving STP Korf instance [83 of 100] using DSD weight 1.250000
1 1 0
1 2 1
1 3 2
1 4 3
1 5 4
1 6 5
1 7 6
1 8 7
1 9 8
1 10 9
1 11 10
4 15 11
1 16 15
1 17 16
10 27 17
70 97 27
1 98 97
1 99 98
349 448 99
22 470 448
26 496 470
1 497 496
1 498 497
142 640 498
1386 2026 640
3 2029 2026
2186 4215 2029
1 4216 4215
4 4220 4216
4334 8554 4220
10401 18955 8554
236 19191 18955
3 19194 19191
15632 34826 19194
18942 53768 34826
1 53769 53768
1 53770 53769
1 53771 53770
2 53773 53771
503017 556790 53773
1 556791 556790
1 556792 556791
STP 82 ALG 3 weight 1.25 Nodes 556793 path 52
Op order: Right Left Down Up 
Solving STP Korf instance [83 of 100] using DSD weight 1.500000
1 1 0
1 2 1
1 3 2
1 4 3
1 5 4
1 6 5
2 8 6
1 9 8
1 10 9
1 11 10
1 12 11
4 16 12
1 17 16
1 18 17
9 27 18
70 97 27
1 98 97
1 99 98
332 431 99
39 470 431
38 508 470
1 509 508
1 510 509
160 670 510
2 672 670
2 674 672
1345 2019 674
66 2085 2019
1485 3570 2085
3 3573 3570
5032 8605 3573
4356 12961 8605
13 12974 12961
742 13716 12974
3 13719 13716
5 13724 13719
9760 23484 13724
13170 36654 23484
1 36655 36654
3 36658 36655
1287 37945 36658
280272 318217 37945
1 318218 318217
1 318219 318218
STP 82 ALG 3 weight 1.50 Nodes 318220 path 56
Op order: Right Left Down Up 
Solving STP Korf instance [83 of 100] using DSD weight 1.750000
1 1 0
1 2 1
1 3 2
1 4 3
1 5 4
1 6 5
2 8 6
1 9 8
1 10 9
1 11 10
1 12 11
4 16 12
1 17 16
1 18 17
9 27 18
70 97 27
2 99 97
1 100 99
332 432 100
38 470 432
24 494 470
19 513 494
1 514 513
2 516 514
1 517 516
183 700 517
4 704 700
377 1081 704
1929 3010 1081
1 3011 3010
1426 4437 3011
4366 8803 4437
4 8807 8803
4 8811 8807
59 8870 8811
1 8871 8870
35 8906 8871
432 9338 8906
2 9340 9338
1577 10917 9340
1 10918 10917
30998 41916 10918
21 41937 41916
STP 82 ALG 3 weight 1.75 Nodes 41939 path 60
Op order: Right Left Down Up 
Solving STP Korf instance [83 of 100] using DSD weight 2.000000
1 1 0
1 2 1
1 3 2
3 6 3
1 7 6
1 8 7
1 9 8
4 13 9
1 14 13
1 15 14
1 16 15
3 19 16
2 21 19
1 22 21
1 23 22
4 27 23
70 97 27
1 98 97
3 101 98
1 102 101
325 427 102
43 470 427
26 496 470
23 519 496
1 520 519
167 687 520
2 689 687
2 691 689
4 695 691
137 832 695
2064 2896 832
1 2897 2896
2 2899 2897
2378 5277 2899
1 5278 5277
1 5279 5278
1 5280 5279
49 5329 5280
166 5495 5329
179 5674 5495
4346 10020 5674
1 10021 10020
9150 19171 10021
1 19172 19171
1 19173 19172
STP 82 ALG 3 weight 2.00 Nodes 19175 path 62
Op order: Right Left Down Up 
Solving STP Korf instance [83 of 100] using DSD weight 2.250000
1 1 0
1 2 1
1 3 2
1 4 3
1 5 4
1 6 5
1 7 6
1 8 7
1 9 8
1 10 9
1 11 10
4 15 11
1 16 15
1 17 16
10 27 17
70 97 27
1 98 97
1 99 98
325 424 99
324 748 424
9 757 748
1 758 757
1 759 758
1 760 759
2 762 760
2 764 762
3 767 764
4 771 767
1323 2094 771
1 2095 2094
1 2096 2095
30 2126 2096
2 2128 2126
6 2134 2128
1 2135 2134
15 2150 2135
51 2201 2150
48 2249 2201
451 2700 2249
1 2701 2700
616 3317 2701
1 3318 3317
1 3319 3318
STP 82 ALG 3 weight 2.25 Nodes 3321 path 68
Op order: Right Left Down Up 
Solving STP Korf instance [83 of 100] using DSD weight 2.500000
1 1 0
1 2 1
1 3 2
1 4 3
1 5 4
1 6 5
2 8 6
1 9 8
1 10 9
1 11 10
1 12 11
4 16 12
1 17 16
1 18 17
9 27 18
70 97 27
1 98 97
1 99 98
321 420 99
50 470 420
22 492 470
1 493 492
1 494 493
2 496 494
1 497 496
2 499 497
14 513 499
215 728 513
4 732 728
142 874 732
2 876 874
1 877 876
1 878 877
2 880 878
6 886 880
1 887 886
15 902 887
44 946 902
60 1006 946
695 1701 1006
1 1702 1701
1 1703 1702
2238 3941 1703
1 3942 3941
STP 82 ALG 3 weight 2.50 Nodes 3944 path 68
Op order: Right Left Down Up 
Solving STP Korf instance [83 of 100] using DSD weight 2.750000
1 1 0
1 2 1
1 3 2
3 6 3
1 7 6
1 8 7
1 9 8
4 13 9
1 14 13
1 15 14
1 16 15
1 17 16
4 21 17
1 22 21
1 23 22
4 27 23
47 74 27
1 75 74
2 77 75
1 78 77
345 423 78
42 465 423
18 483 465
93 576 483
1 577 576
2 579 577
1 580 579
2 582 580
14 596 582
54 650 596
4 654 650
228 882 654
1 883 882
1 884 883
30 914 884
14 928 914
56 984 928
1 985 984
2 987 985
14 1001 987
69 1070 1001
37 1107 1070
1 1108 1107
1 1109 1108
2790 3899 1109
1 3900 3899
STP 82 ALG 3 weight 2.75 Nodes 3902 path 62
Op order: Right Left Down Up 
Solving STP Korf instance [83 of 100] using DSD weight 3.000000
1 1 0
1 2 1
1 3 2
3 6 3
1 7 6
1 8 7
2 10 8
4 14 10
1 15 14
1 16 15
1 17 16
1 18 17
4 22 18
1 23 22
1 24 23
3 27 24
70 97 27
1 98 97
1 99 98
342 441 99
307 748 441
3 751 748
1 752 751
1 753 752
1 754 753
2 756 754
2 758 756
3 761 758
3 764 761
30 794 764
2 796 794
1 797 796
1 798 797
2 800 798
6 806 800
1 807 806
15 822 807
42 864 822
146 1010 864
266 1276 1010
1 1277 1276
1 1278 1277
1 1279 1278
6826 8105 1279
1 8106 8105
STP 82 ALG 3 weight 3.00 Nodes 8108 path 62
Op order: Right Left Down Up 
Solving STP Korf instance [83 of 100] using DSD weight 1.250000
1 1 0
1 2 1
1 3 2
1 4 3
1 5 4
1 6 5
1 7 6
1 8 7
2 10 8
1 11 10
1 12 11
4 16 12
1 17 16
1 18 17
9 27 18
70 97 27
1 98 97
1 99 98
332 431 99
84 515 431
20 535 515
1 536 535
1 537 536
154 691 537
1335 2026 691
1 2027 2026
1168 3195 2027
1 3196 3195
4 3200 3196
5396 8596 3200
4691 13287 8596
310 13597 13287
3 13600 13597
21226 34826 13600
18990 53816 34826
1 53817 53816
1 53818 53817
1 53819 53818
2 53821 53819
504284 558105 53821
1 558106 558105
1 558107 558106
STP 82 ALG 4 weight 1.25 Nodes 558108 path 52
Op order: Right Left Down Up 
Solving STP Korf instance [83 of 100] using DSD weight 1.500000
1 1 0
1 2 1
1 3 2
1 4 3
1 5 4
1 6 5
1 7 6
1 8 7
2 10 8
1 11 10
1 12 11
4 16 12
1 17 16
1 18 17
9 27 18
70 97 27
1 98 97
1 99 98
323 422 99
48 470 422
22 492 470
1 493 492
1 494 493
197 691 494
2 693 691
2 695 693
1324 2019 695
66 2085 2019
1461 3546 2085
3 3549 3546
5034 8583 3549
4694 13277 8583
13 13290 13277
285 13575 13290
3 13578 13575
5 13583 13578
9887 23470 13583
13190 36660 23470
1 36661 36660
3 36664 36661
1343 38007 36664
284819 322826 38007
1 322827 322826
1 322828 322827
STP 82 ALG 4 weight 1.50 Nodes 322829 path 56
Op order: Right Left Down Up 
Solving STP Korf instance [83 of 100] using DSD weight 1.750000
1 1 0
1 2 1
1 3 2
1 4 3
1 5 4
1 6 5
1 7 6
1 8 7
1 9 8
1 10 9
1 11 10
4 15 11
1 16 15
1 17 16
10 27 17
70 97 27
2 99 97
1 100 99
327 427 100
43 470 427
213 683 470
1 684 683
1 685 684
1 686 685
2 688 686
2 690 688
4 694 690
387 1081 694
2423 3504 1081
3 3507 3504
930 4437 3507
4364 8801 4437
15 8816 8801
4 8820 8816
87 8907 8820
1 8908 8907
35 8943 8908
406 9349 8943
2 9351 9349
1323 10674 9351
1 10675 10674
30764 41439 10675
24 41463 41439
STP 82 ALG 4 weight 1.75 Nodes 41465 path 60
Op order: Right Left Down Up 
Solving STP Korf instance [83 of 100] using DSD weight 2.000000
1 1 0
1 2 1
1 3 2
1 4 3
1 5 4
1 6 5
1 7 6
1 8 7
1 9 8
1 10 9
3 13 10
2 15 13
1 16 15
1 17 16
10 27 17
70 97 27
1 98 97
4 102 98
1 103 102
322 425 103
45 470 425
24 494 470
11 505 494
1 506 505
2 508 506
1 509 508
6 515 509
180 695 515
3 698 695
5 703 698
1413 2116 703
1 2117 2116
1 2118 2117
36 2154 2118
4 2158 2154
39 2197 2158
1 2198 2197
20 2218 2198
188 2406 2218
18 2424 2406
7692 10116 2424
1 10117 10116
14397 24514 10117
1 24515 24514
1 24516 24515
STP 82 ALG 4 weight 2.00 Nodes 24518 path 62
Op order: Right Left Down Up 
Solving STP Korf instance [83 of 100] using DSD weight 2.250000
1 1 0
1 2 1
1 3 2
1 4 3
1 5 4
1 6 5
1 7 6
1 8 7
1 9 8
1 10 9
1 11 10
4 15 11
1 16 15
1 17 16
10 27 17
70 97 27
1 98 97
1 99 98
318 417 99
53 470 417
23 493 470
1 494 493
1 495 494
2 497 495
1 498 497
2 500 498
14 514 500
200 714 514
4 718 714
1379 2097 718
2 2099 2097
1 2100 2099
1 2101 2100
2 2103 2101
6 2109 2103
1 2110 2109
15 2125 2110
51 2176 2125
48 2224 2176
754 2978 2224
1 2979 2978
403 3382 2979
1 3383 3382
1 3384 3383
STP 82 ALG 4 weight 2.25 Nodes 3386 path 68
Op order: Right Left Down Up 
Solving STP Korf instance [83 of 100] using DSD weight 2.500000
1 1 0
1 2 1
1 3 2
1 4 3
1 5 4
1 6 5
2 8 6
1 9 8
1 10 9
1 11 10
1 12 11
4 16 12
1 17 16
1 18 17
9 27 18
70 97 27
1 98 97
1 99 98
321 420 99
50 470 420
22 492 470
1 493 492
1 494 493
2 496 494
1 497 496
2 499 497
14 513 499
215 728 513
4 732 728
142 874 732
2 876 874
1 877 876
1 878 877
2 880 878
6 886 880
1 887 886
15 902 887
44 946 902
60 1006 946
695 1701 1006
1 1702 1701
1 1703 1702
2238 3941 1703
1 3942 3941
STP 82 ALG 4 weight 2.50 Nodes 3944 path 68
Op order: Right Left Down Up 
Solving STP Korf instance [83 of 100] using DSD weight 2.750000
1 1 0
1 2 1
1 3 2
1 4 3
1 5 4
1 6 5
1 7 6
1 8 7
1 9 8
1 10 9
1 11 10
4 15 11
1 16 15
1 17 16
10 27 17
70 97 27
28 125 97
6 131 125
300 431 131
39 470 431
17 487 470
31 518 487
1 519 518
2 521 519
1 522 521
2 524 522
14 538 524
12 550 538
157 707 550
52 759 707
1 760 759
1 761 760
34 795 761
10 805 795
57 862 805
1 863 862
2 865 863
14 879 865
69 948 879
37 985 948
1 986 985
1 987 986
2140 3127 987
1 3128 3127
STP 82 ALG 4 weight 2.75 Nodes 3130 path 62
Op order: Right Left Down Up 
Solving STP Korf instance [83 of 100] using DSD weight 3.000000
1 1 0
1 2 1
1 3 2
1 4 3
1 5 4
1 6 5
1 7 6
1 8 7
1 9 8
1 10 9
1 11 10
4 15 11
1 16 15
1 17 16
10 27 17
70 97 27
3 100 97
1 101 100
326 427 101
43 470 427
26 496 470
1 497 496
1 498 497
2 500 498
1 501 500
2 503 501
3 506 503
17 523 506
32 555 523
1 556 555
2 558 556
19 577 558
3 580 577
4 584 580
1 585 584
2 587 585
40 627 587
263 890 627
34 924 890
149 1073 924
137 1210 1073
1 1211 1210
1 1212 1211
1 1213 1212
1109 2322 1213
1 2323 2322
STP 82 ALG 4 weight 3.00 Nodes 2325 path 76
Op order: Right Left Down Up 
Solving STP Korf instance [83 of 100] using DSD weight 1.250000
1 1 0
1 2 1
1 3 2
1 4 3
1 5 4
1 6 5
1 7 6
1 8 7
1 9 8
1 10 9
1 11 10
4 15 11
1 16 15
1 17 16
10 27 17
70 97 27
1 98 97
1 99 98
349 448 99
22 470 448
26 496 470
1 497 496
1 498 497
142 640 498
1386 2026 640
3 2029 2026
2186 4215 2029
1 4216 4215
4 4220 4216
4334 8554 4220
10401 18955 8554
236 19191 18955
3 19194 19191
15632 34826 19194
18942 53768 34826
1 53769 53768
1 53770 53769
1 53771 53770
2 53773 53771
503017 556790 53773
1 556791 556790
1 556792 556791
STP 82 ALG 5 weight 1.25 Nodes 556793 path 52
Op order: Right Left Down Up 
Solving STP Korf instance [83 of 100] using DSD weight 1.500000
1 1 0
1 2 1
1 3 2
1 4 3
1 5 4
1 6 5
2 8 6
1 9 8
1 10 9
1 11 10
1 12 11
4 16 12
1 17 16
1 18 17
9 27 18
70 97 27
1 98 97
1 99 98
332 431 99
39 470 431
38 508 470
1 509 508
1 510 509
160 670 510
2 672 670
2 674 672
1345 2019 674
66 2085 2019
1485 3570 2085
3 3573 3570
5032 8605 3573
4356 12961 8605
13 12974 12961
742 13716 12974
3 13719 13716
5 13724 13719
9760 23484 13724
13170 36654 23484
1 36655 36654
3 36658 36655
1287 37945 36658
280272 318217 37945
1 318218 318217
1 318219 318218
STP 82 ALG 5 weight 1.50 Nodes 318220 path 56
Op order: Right Left Down Up 
Solving STP Korf instance [83 of 100] using DSD weight 1.750000
1 1 0
1 2 1
1 3 2
1 4 3
1 5 4
1 6 5
2 8 6
1 9 8
1 10 9
1 11 10
1 12 11
4 16 12
1 17 16
1 18 17
9 27 18
70 97 27
2 99 97
1 100 99
332 432 100
38 470 432
24 494 470
19 513 494
1 514 513
2 516 514
1 517 516
183 700 517
4 704 700
377 1081 704
1929 3010 1081
1 3011 3010
1426 4437 3011
4366 8803 4437
4 8807 8803
4 8811 8807
59 8870 8811
1 8871 8870
35 8906 8871
432 9338 8906
2 9340 9338
1577 10917 9340
1 10918 10917
30998 41916 10918
21 41937 41916
STP 82 ALG 5 weight 1.75 Nodes 41939 path 60
Op order: Right Left Down Up 
Solving STP Korf instance [83 of 100] using DSD weight 2.000000
1 1 0
1 2 1
1 3 2
3 6 3
1 7 6
1 8 7
1 9 8
4 13 9
1 14 13
1 15 14
1 16 15
3 19 16
2 21 19
1 22 21
1 23 22
4 27 23
70 97 27
1 98 97
3 101 98
1 102 101
325 427 102
43 470 427
26 496 470
23 519 496
1 520 519
167 687 520
2 689 687
2 691 689
4 695 691
137 832 695
2064 2896 832
1 2897 2896
2 2899 2897
2378 5277 2899
1 5278 5277
1 5279 5278
1 5280 5279
49 5329 5280
166 5495 5329
179 5674 5495
4346 10020 5674
1 10021 10020
9150 19171 10021
1 19172 19171
1 19173 19172
STP 82 ALG 5 weight 2.00 Nodes 19175 path 62
Op order: Right Left Down Up 
Solving STP Korf instance [83 of 100] using DSD weight 2.250000
1 1 0
1 2 1
1 3 2
1 4 3
1 5 4
1 6 5
1 7 6
1 8 7
1 9 8
1 10 9
1 11 10
4 15 11
1 16 15
1 17 16
10 27 17
70 97 27
1 98 97
1 99 98
325 424 99
324 748 424
9 757 748
1 758 757
1 759 758
1 760 759
2 762 760
2 764 762
3 767 764
4 771 767
1323 2094 771
1 2095 2094
1 2096 2095
30 2126 2096
2 2128 2126
6 2134 2128
1 2135 2134
15 2150 2135
51 2201 2150
48 2249 2201
451 2700 2249
1 2701 2700
616 3317 2701
1 3318 3317
1 3319 3318
STP 82 ALG 5 weight 2.25 Nodes 3321 path 68
Op order: Right Left Down Up 
Solving STP Korf instance [83 of 100] using DSD weight 2.500000
1 1 0
1 2 1
1 3 2
1 4 3
1 5 4
1 6 5
2 8 6
1 9 8
1 10 9
1 11 10
1 12 11
4 16 12
1 17 16
1 18 17
9 27 18
70 97 27
2 99 97
1 100 99
334 434 100
36 470 434
12 482 470
1 483 482
1 484 483
2 486 484
1 487 486
2 489 487
14 503 489
12 515 503
215 730 515
46 776 730
1 777 776
1 778 777
4 782 778
2 784 782
44 828 784
1 829 828
2 831 829
14 845 831
69 914 845
966 1880 914
1 1881 1880
1 1882 1881
1977 3859 1882
1 3860 3859
STP 82 ALG 5 weight 2.50 Nodes 3862 path 68
Op order: Right Left Down Up 
Solving STP Korf instance [83 of 100] using DSD weight 2.750000
1 1 0
1 2 1
1 3 2
3 6 3
1 7 6
1 8 7
1 9 8
4 13 9
1 14 13
1 15 14
1 16 15
3 19 16
2 21 19
1 22 21
1 23 22
4 27 23
70 97 27
2 99 97
1 100 99
326 426 100
140 566 426
36 602 566
7 609 602
1 610 609
2 612 610
1 613 612
2 615 613
14 629 615
12 641 629
18 659 641
1 660 659
2 662 660
50 712 662
3 715 712
239 954 715
5 959 954
68 1027 959
1 1028 1027
2 1030 1028
14 1044 1030
71 1115 1044
35 1150 1115
1 1151 1150
1 1152 1151
1383 2535 1152
1 2536 2535
STP 82 ALG 5 weight 2.75 Nodes 2538 path 62
Op order: Right Left Down Up 
Solving STP Korf instance [83 of 100] using DSD weight 3.000000
1 1 0
1 2 1
1 3 2
3 6 3
1 7 6
1 8 7
1 9 8
4 13 9
1 14 13
1 15 14
1 16 15
1 17 16
4 21 17
1 22 21
1 23 22
4 27 23
70 97 27
1 98 97
3 101 98
1 102 101
324 426 102
643 1069 426
28 1097 1069
1 1098 1097
1 1099 1098
1 1100 1099
2 1102 1100
2 1104 1102
3 1107 1104
3 1110 1107
29 1139 1110
1 1140 1139
1 1141 1140
22 1163 1141
5 1168 1163
44 1212 1168
1 1213 1212
15 1228 1213
44 1272 1228
144 1416 1272
141 1557 1416
1 1558 1557
1 1559 1558
1 1560 1559
1561 3121 1560
1 3122 3121
STP 82 ALG 5 weight 3.00 Nodes 3124 path 72
Op order: Right Left Down Up 
Solving STP Korf instance [83 of 100] using DSD weight 1.250000
1 1 0
1 2 1
1 3 2
1 4 3
1 5 4
1 6 5
1 7 6
1 8 7
1 9 8
1 10 9
1 11 10
4 15 11
1 16 15
1 17 16
3 20 17
34 54 20
1 55 54
1 56 55
166 222 56
28 250 222
1 251 250
1 252 251
1 253 252
3 256 253
1 257 256
208 465 257
157 622 465
2164 2786 622
116 2902 2786
4 2906 2902
36 2942 2906
5083 8025 2942
431 8456 8025
1 8457 8456
6 8463 8457
17237 25700 8463
21569 47269 25700
1 47270 47269
1 47271 47270
1 47272 47271
291039 338311 47272
1 338312 338311
1 338313 338312
STP 82 ALG 6 weight 1.25 Nodes 338314 path 50
Op order: Right Left Down Up 
Solving STP Korf instance [83 of 100] using DSD weight 1.500000
1 1 0
1 2 1
1 3 2
1 4 3
1 5 4
1 6 5
1 7 6
1 8 7
1 9 8
1 10 9
1 11 10
4 15 11
1 16 15
1 17 16
2 19 17
24 43 19
1 44 43
3 47 44
1 48 47
45 93 48
27 120 93
1 121 120
2 123 121
9 132 123
2 134 132
1 135 134
6 141 135
257 398 141
5 403 398
23 426 403
1149 1575 426
1 1576 1575
17 1593 1576
1 1594 1593
2 1596 1594
6 1602 1596
1 1603 1602
2420 4023 1603
1 4024 4023
2 4026 4024
4909 8935 4026
127895 136830 8935
1 136831 136830
1 136832 136831
STP 82 ALG 6 weight 1.50 Nodes 136833 path 54
Op order: Right Left Down Up 
Solving STP Korf instance [83 of 100] using DSD weight 1.750000
1 1 0
1 2 1
1 3 2
1 4 3
1 5 4
1 6 5
1 7 6
1 8 7
1 9 8
1 10 9
1 11 10
4 15 11
1 16 15
1 17 16
2 19 17
13 32 19
2 34 32
2 36 34
1 37 36
3 40 37
51 91 40
1 92 91
1 93 92
1 94 93
2 96 94
1 97 96
6 103 97
50 153 103
213 366 153
12 378 366
165 543 378
2 545 543
1 546 545
1 547 546
2 549 547
6 555 549
1 556 555
400 956 556
669 1625 956
1 1626 1625
2 1628 1626
10 1638 1628
606 2244 1638
49272 51516 2244
1 51517 51516
1 51518 51517
STP 82 ALG 6 weight 1.75 Nodes 51519 path 54
Op order: Right Left Down Up 
Solving STP Korf instance [83 of 100] using DSD weight 2.000000
1 1 0
1 2 1
1 3 2
1 4 3
1 5 4
1 6 5
1 7 6
1 8 7
1 9 8
1 10 9
1 11 10
4 15 11
1 16 15
1 17 16
2 19 17
8 27 19
3 30 27
2 32 30
1 33 32
2 35 33
10 45 35
3 48 45
40 88 48
9 97 88
2 99 97
1 100 99
6 106 100
17 123 106
46 169 123
4 173 169
1 174 173
2 176 174
392 568 176
3 571 568
13 584 571
9 593 584
16 609 593
8 617 609
558 1175 617
1347 2522 1175
1 2523 2522
12273 14796 2523
9855 24651 14796
STP 82 ALG 6 weight 2.00 Nodes 24653 path 60
Op order: Right Left Down Up 
Solving STP Korf instance [83 of 100] using DSD weight 2.250000
1 1 0
1 2 1
1 3 2
1 4 3
1 5 4
1 6 5
1 7 6
1 8 7
1 9 8
1 10 9
1 11 10
4 15 11
1 16 15
1 17 16
2 19 17
8 27 19
3 30 27
2 32 30
1 33 32
2 35 33
10 45 35
3 48 45
41 89 48
6 95 89
50 145 95
2 147 145
1 148 147
6 154 148
17 171 154
44 215 171
1 216 215
1 217 216
2 219 217
259 478 219
70 548 478
81 629 548
1 630 629
2 632 630
138 770 632
8 778 770
51 829 778
93 922 829
601 1523 922
1 1524 1523
9035 10559 1524
23 10582 10559
1 10583 10582
STP 82 ALG 6 weight 2.25 Nodes 10585 path 64
Op order: Right Left Down Up 
Solving STP Korf instance [83 of 100] using DSD weight 2.500000
1 1 0
1 2 1
1 3 2
1 4 3
1 5 4
1 6 5
1 7 6
1 8 7
1 9 8
1 10 9
1 11 10
4 15 11
1 16 15
1 17 16
2 19 17
8 27 19
3 30 27
2 32 30
1 33 32
2 35 33
5 40 35
3 43 40
19 62 43
67 129 62
9 138 129
2 140 138
1 141 140
6 147 141
17 164 147
44 208 164
8 216 208
1 217 216
2 219 217
164 383 219
52 435 383
503 938 435
33 971 938
37 1008 971
1 1009 1008
1 1010 1009
64 1074 1010
2 1076 1074
1 1077 1076
1 1078 1077
26 1104 1078
11086 12190 1104
1 12191 12190
1 12192 12191
STP 82 ALG 6 weight 2.50 Nodes 12194 path 70
Op order: Right Left Down Up 
Solving STP Korf instance [83 of 100] using DSD weight 2.750000
1 1 0
1 2 1
1 3 2
1 4 3
1 5 4
1 6 5
1 7 6
1 8 7
1 9 8
1 10 9
1 11 10
4 15 11
1 16 15
1 17 16
2 19 17
8 27 19
3 30 27
2 32 30
1 33 32
2 35 33
5 40 35
3 43 40
15 58 43
72 130 58
3 133 130
7 140 133
1 141 140
2 143 141
38 181 143
14 195 181
12 207 195
10 217 207
1 218 217
2 220 218
130 350 220
3 353 350
380 733 353
1 734 733
2 736 734
47 783 736
1 784 783
3 787 784
41 828 787
396 1224 828
1 1225 1224
1 1226 1225
2290 3516 1226
1 3517 3516
STP 82 ALG 6 weight 2.75 Nodes 3519 path 74
Op order: Right Left Down Up 
Solving STP Korf instance [83 of 100] using DSD weight 3.000000
1 1 0
1 2 1
1 3 2
1 4 3
1 5 4
1 6 5
1 7 6
1 8 7
1 9 8
1 10 9
1 11 10
4 15 11
1 16 15
1 17 16
2 19 17
8 27 19
3 30 27
2 32 30
1 33 32
2 35 33
5 40 35
2 42 40
13 55 42
10 65 55
48 113 65
1 114 113
1 115 114
2 117 115
6 123 117
7 130 123
21 151 130
35 186 151
20 206 186
10 216 206
2 218 216
2 220 218
6 226 220
33 259 226
35 294 259
1 295 294
1 296 295
63 359 296
2 361 359
1 362 361
1 363 362
26 389 363
429 818 389
200 1018 818
1 1019 1018
STP 82 ALG 6 weight 3.00 Nodes 1021 path 74
Op order: Right Left Down Up 
Solving STP Korf instance [83 of 100] using DSD weight 1.250000
1 1 0
1 2 1
1 3 2
1 4 3
1 5 4
1 6 5
1 7 6
1 8 7
1 9 8
1 10 9
1 11 10
4 15 11
1 16 15
1 17 16
10 27 17
70 97 27
1 98 97
1 99 98
337 436 99
34 470 436
27 497 470
1 498 497
1 499 498
193 692 499
1334 2026 692
2 2028 2026
1449 3477 2028
1 3478 3477
75 3553 3478
7954 11507 3553
978 12485 11507
18264 30749 12485
3 30752 30749
18571 49323 30752
1 49324 49323
1 49325 49324
1 49326 49325
2 49328 49326
882670 931998 49328
1 931999 931998
1 932000 931999
STP 82 ALG 7 weight 1.25 Nodes 932001 path 52
Op order: Right Left Down Up 
Solving STP Korf instance [83 of 100] using DSD weight 1.500000
1 1 0
1 2 1
1 3 2
1 4 3
1 5 4
1 6 5
1 7 6
1 8 7
1 9 8
1 10 9
1 11 10
4 15 11
1 16 15
1 17 16
10 27 17
69 96 27
2 98 96
1 99 98
301 400 99
6 406 400
13 419 406
7 426 419
1 427 426
261 688 427
225 913 688
2 915 913
2557 3472 915
1 3473 3472
4 3477 3473
2087 5564 3477
6485 12049 5564
3165 15214 12049
3 15217 15214
5 15222 15217
36029 51251 15222
1 51252 51251
1 51253 51252
1 51254 51253
2 51256 51254
314657 365913 51256
1 365914 365913
1 365915 365914
STP 82 ALG 7 weight 1.50 Nodes 365916 path 54
Op order: Right Left Down Up 
Solving STP Korf instance [83 of 100] using DSD weight 1.750000
1 1 0
1 2 1
1 3 2
1 4 3
1 5 4
1 6 5
1 7 6
1 8 7
1 9 8
1 10 9
1 11 10
4 15 11
1 16 15
1 17 16
9 26 17
48 74 26
1 75 74
1 76 75
169 245 76
5 250 245
13 263 250
1 264 263
1 265 264
294 559 265
43 602 559
3 605 602
1406 2011 605
877 2888 2011
1 2889 2888
3 2892 2889
1464 4356 2892
6236 10592 4356
1 10593 10592
3 10596 10593
5 10601 10596
14593 25194 10601
10431 35625 25194
1 35626 35625
3 35629 35626
8829 44458 35629
89272 133730 44458
1 133731 133730
STP 82 ALG 7 weight 1.75 Nodes 133733 path 60
Op order: Right Left Down Up 
Solving STP Korf instance [83 of 100] using DSD weight 2.000000
1 1 0
1 2 1
1 3 2
1 4 3
1 5 4
1 6 5
1 7 6
1 8 7
1 9 8
1 10 9
1 11 10
4 15 11
1 16 15
1 17 16
3 20 17
48 68 20
1 69 68
3 72 69
1 73 72
142 215 73
5 220 215
15 235 220
9 244 235
1 245 244
257 502 245
2 504 502
2 506 504
683 1189 506
1582 2771 1189
1 2772 2771
3 2775 2772
637 3412 2775
4149 7561 3412
1707 9268 7561
9 9277 9268
1208 10485 9277
3 10488 10485
2 10490 10488
108 10598 10490
2890 13488 10598
21 13509 13488
3775 17284 13509
2 17286 17284
17864 35150 17286
49212 84362 35150
1 84363 84362
STP 82 ALG 7 weight 2.00 Nodes 84365 path 60
Op order: Right Left Down Up 
Solving STP Korf instance [83 of 100] using DSD weight 2.250000
1 1 0
1 2 1
1 3 2
1 4 3
1 5 4
1 6 5
1 7 6
1 8 7
1 9 8
1 10 9
1 11 10
4 15 11
1 16 15
1 17 16
3 20 17
34 54 20
1 55 54
2 57 55
1 58 57
99 157 58
17 174 157
1 175 174
7 182 175
1 183 182
146 329 183
1 330 329
97 427 330
277 704 427
1817 2521 704
461 2982 2521
3 2985 2982
45 3030 2985
4547 7577 3030
2298 9875 7577
7 9882 9875
43 9925 9882
1 9926 9925
16 9942 9926
53 9995 9942
36 10031 9995
3681 13712 10031
2 13714 13712
139 13853 13714
23516 37369 13853
1 37370 37369
1 37371 37370
STP 82 ALG 7 weight 2.25 Nodes 37372 path 56
Op order: Right Left Down Up 
Solving STP Korf instance [83 of 100] using DSD weight 2.500000
1 1 0
1 2 1
1 3 2
1 4 3
1 5 4
1 6 5
1 7 6
1 8 7
1 9 8
1 10 9
1 11 10
4 15 11
1 16 15
1 17 16
2 19 17
31 50 19
2 52 50
2 54 52
1 55 54
102 157 55
6 163 157
1 164 163
7 171 164
1 172 171
114 286 172
1 287 286
133 420 287
135 555 420
1523 2078 555
1122 3200 2078
3 3203 3200
49 3252 3203
5330 8582 3252
1 8583 8582
3 8586 8583
2 8588 8586
108 8696 8588
6 8702 8696
3618 12320 8702
1 12321 12320
2 12323 12321
100 12423 12323
15785 28208 12423
23 28231 28208
1 28232 28231
STP 82 ALG 7 weight 2.50 Nodes 28234 path 70
Op order: Right Left Down Up 
Solving STP Korf instance [83 of 100] using DSD weight 2.750000
1 1 0
1 2 1
1 3 2
1 4 3
1 5 4
1 6 5
1 7 6
1 8 7
1 9 8
1 10 9
1 11 10
4 15 11
1 16 15
1 17 16
2 19 17
31 50 19
2 52 50
2 54 52
1 55 54
67 122 55
6 128 122
17 145 128
8 153 145
1 154 153
80 234 154
1 235 234
132 367 235
7 374 367
612 986 374
2005 2991 986
3 2994 2991
45 3039 2994
2504 5543 3039
4 5547 5543
2 5549 5547
2 5551 5549
2 5553 5551
20 5573 5553
166 5739 5573
1 5740 5739
1 5741 5740
2 5743 5741
97 5840 5743
959 6799 5840
16299 23098 6799
1 23099 23098
STP 82 ALG 7 weight 2.75 Nodes 23101 path 72
Op order: Right Left Down Up 
Solving STP Korf instance [83 of 100] using DSD weight 3.000000
1 1 0
1 2 1
1 3 2
1 4 3
1 5 4
1 6 5
1 7 6
1 8 7
1 9 8
1 10 9
1 11 10
4 15 11
1 16 15
1 17 16
2 19 17
24 43 19
1 44 43
3 47 44
1 48 47
48 96 48
21 117 96
1 118 117
7 125 118
1 126 125
20 146 126
1 147 146
242 389 147
7 396 389
112 508 396
2606 3114 508
3 3117 3114
49 3166 3117
2080 5246 3166
1 5247 5246
3 5250 5247
2 5252 5250
108 5360 5252
6 5366 5360
474 5840 5366
1 5841 5840
2 5843 5841
86 5929 5843
503 6432 5929
1298 7730 6432
1 7731 7730
STP 82 ALG 7 weight 3.00 Nodes 7733 path 76
Op order: Right Left Down Up 
Solving STP Korf instance [83 of 100] using DSD weight 1.250000
1 1 0
1 2 1
1 3 2
1 4 3
1 5 4
1 6 5
1 7 6
1 8 7
1 9 8
1 10 9
1 11 10
4 15 11
1 16 15
1 17 16
2 19 17
32 51 19
1 52 51
3 55 52
1 56 55
139 195 56
30 225 195
10 235 225
1 236 235
1 237 236
46 283 237
1 284 283
134 418 284
812 1230 418
1721 2951 1230
1 2952 2951
7 2959 2952
3270 6229 2959
4235 10464 6229
1 10465 10464
19 10484 10465
12876 23360 10484
91601 114961 23360
27181 142142 114961
1 142143 142142
1 142144 142143
1 142145 142144
516442 658587 142145
1 658588 658587
1 658589 658588
STP 82 ALG 8 weight 1.25 Nodes 658590 path 50
Op order: Right Left Down Up 
Solving STP Korf instance [83 of 100] using DSD weight 1.500000
1 1 0
1 2 1
1 3 2
1 4 3
1 5 4
1 6 5
1 7 6
1 8 7
1 9 8
1 10 9
1 11 10
4 15 11
1 16 15
1 17 16
2 19 17
23 42 19
2 44 42
2 46 44
1 47 46
51 98 47
41 139 98
1 140 139
8 148 140
1 149 148
2 151 149
1 152 151
169 321 152
5 326 321
1023 1349 326
1409 2758 1349
4 2762 2758
41 2803 2762
4409 7212 2803
1 7213 7212
6 7219 7213
18081 25300 7219
24041 49341 25300
1 49342 49341
1 49343 49342
1 49344 49343
253020 302364 49344
1 302365 302364
1 302366 302365
STP 82 ALG 8 weight 1.50 Nodes 302367 path 50
Op order: Right Left Down Up 
Solving STP Korf instance [83 of 100] using DSD weight 1.750000
1 1 0
1 2 1
1 3 2
1 4 3
1 5 4
1 6 5
1 7 6
1 8 7
1 9 8
1 10 9
1 11 10
4 15 11
1 16 15
1 17 16
2 19 17
23 42 19
1 43 42
1 44 43
2 46 44
45 91 46
1 92 91
28 120 92
1 121 120
2 123 121
1 124 123
34 158 124
164 322 158
78 400 322
955 1355 400
412 1767 1355
50 1817 1767
196 2013 1817
1 2014 2013
1 2015 2014
6 2021 2015
16 2037 2021
11490 13527 2037
6640 20167 13527
1 20168 20167
1 20169 20168
261698 281867 20169
1 281868 281867
1 281869 281868
STP 82 ALG 8 weight 1.75 Nodes 281870 path 52
Op order: Right Left Down Up 
Solving STP Korf instance [83 of 100] using DSD weight 2.000000
1 1 0
1 2 1
1 3 2
1 4 3
1 5 4
1 6 5
1 7 6
1 8 7
1 9 8
1 10 9
1 11 10
4 15 11
1 16 15
1 17 16
2 19 17
13 32 19
2 34 32
2 36 34
1 37 36
2 39 37
65 104 39
7 111 104
1 112 111
1 113 112
2 115 113
1 116 115
6 122 116
26 148 122
151 299 148
11 310 299
1 311 310
269 580 311
1181 1761 580
1 1762 1761
3 1765 1762
6 1771 1765
1 1772 1771
10 1782 1772
2763 4545 1782
5 4550 4545
1226 5776 4550
3 5779 5776
7696 13475 5779
19317 32792 13475
1 32793 32792
1 32794 32793
STP 82 ALG 8 weight 2.00 Nodes 32795 path 56
Op order: Right Left Down Up 
Solving STP Korf instance [83 of 100] using DSD weight 2.250000
1 1 0
1 2 1
1 3 2
1 4 3
1 5 4
1 6 5
1 7 6
1 8 7
1 9 8
1 10 9
1 11 10
4 15 11
1 16 15
1 17 16
2 19 17
13 32 19
2 34 32
2 36 34
1 37 36
2 39 37
65 104 39
2 106 104
2 108 106
30 138 108
2 140 138
1 141 140
6 147 141
34 181 147
104 285 181
4 289 285
133 422 289
551 973 422
525 1498 973
1709 3207 1498
1 3208 3207
4 3212 3208
4 3216 3212
2363 5579 3216
2 5581 5579
6506 12087 5581
1 12088 12087
7589 19677 12088
69329 89006 19677
1 89007 89006
1 89008 89007
STP 82 ALG 8 weight 2.25 Nodes 89009 path 56
Op order: Right Left Down Up 
Solving STP Korf instance [83 of 100] using DSD weight 2.500000
1 1 0
1 2 1
1 3 2
1 4 3
1 5 4
1 6 5
1 7 6
1 8 7
1 9 8
1 10 9
1 11 10
4 15 11
1 16 15
1 17 16
2 19 17
8 27 19
2 29 27
1 30 29
2 32 30
59 91 32
7 98 91
1 99 98
1 100 99
2 102 100
1 103 102
6 109 103
13 122 109
100 222 122
4 226 222
12 238 226
245 483 238
175 658 483
953 1611 658
4 1615 1611
15 1630 1615
3 1633 1630
6 1639 1633
1 1640 1639
8 1648 1640
3353 5001 1648
9508 14509 5001
1010 15519 14509
1 15520 15519
1 15521 15520
40288 55809 15521
1 55810 55809
STP 82 ALG 8 weight 2.50 Nodes 55812 path 60
Op order: Right Left Down Up 
Solving STP Korf instance [83 of 100] using DSD weight 2.750000
1 1 0
1 2 1
1 3 2
1 4 3
1 5 4
1 6 5
1 7 6
1 8 7
1 9 8
1 10 9
1 11 10
4 15 11
1 16 15
1 17 16
2 19 17
8 27 19
2 29 27
1 30 29
2 32 30
53 85 32
7 92 85
8 100 92
1 101 100
2 103 101
1 104 103
38 142 104
116 258 142
3 261 258
4 265 261
756 1021 265
2 1023 1021
157 1180 1023
3 1183 1180
19 1202 1183
29 1231 1202
1 1232 1231
8 1240 1232
3052 4292 1240
93 4385 4292
2169 6554 4385
1698 8252 6554
30222 38474 8252
1 38475 38474
1 38476 38475
STP 82 ALG 8 weight 2.75 Nodes 38477 path 58
Op order: Right Left Down Up 
Solving STP Korf instance [83 of 100] using DSD weight 3.000000
1 1 0
1 2 1
1 3 2
1 4 3
1 5 4
1 6 5
1 7 6
1 8 7
1 9 8
1 10 9
1 11 10
4 15 11
1 16 15
1 17 16
2 19 17
8 27 19
3 30 27
2 32 30
1 33 32
2 35 33
51 86 35
11 97 86
8 105 97
1 106 105
2 108 106
1 109 108
6 115 109
85 200 115
3 203 200
3 206 203
784 990 206
1 991 990
1 992 991
24 1016 992
3 1019 1016
6 1025 1019
1 1026 1025
8 1034 1026
3368 4402 1034
1194 5596 4402
3118 8714 5596
164 8878 8714
2988 11866 8878
37802 49668 11866
1 49669 49668
STP 82 ALG 8 weight 3.00 Nodes 49670 path 58
