Op order: Right Left Down Up 
Solving STP Korf instance [82 of 100] using DSD weight 4.000000
1 1 0
1 2 1
1 3 2
1 4 3
1 5 4
1 6 5
1 7 6
1 8 7
1 9 8
1 10 9
8 18 10
1 19 18
1 20 19
2 22 20
1 23 22
9 32 23
1 33 32
1 34 33
1 35 34
3 38 35
1 39 38
3 42 39
8 50 42
1 51 50
1 52 51
1 53 52
3 56 53
2 58 56
3 61 58
5 66 61
1 67 66
2 69 67
10 79 69
3 82 79
1 83 82
1 84 83
1 85 84
2 87 85
5 92 87
5 97 92
18 115 97
32 147 115
30 177 147
1 178 177
2 180 178
17 197 180
19 216 197
26 242 216
49 291 242
4 295 291
2 297 295
1 298 297
3 301 298
11 312 301
90 402 312
283 685 402
13 698 685
964 1662 698
72 1734 1662
1628 3362 1734
2 3364 3362
2472 5836 3364
2 5838 5836
STP 81 ALG 0 weight 4.00 Nodes 5840 path 109
Op order: Right Left Down Up 
Solving STP Korf instance [82 of 100] using DSD weight 5.000000
1 1 0
1 2 1
1 3 2
1 4 3
1 5 4
1 6 5
1 7 6
1 8 7
1 9 8
1 10 9
8 18 10
1 19 18
1 20 19
2 22 20
1 23 22
2 25 23
1 26 25
1 27 26
1 28 27
3 31 28
1 32 31
3 35 32
9 44 35
1 45 44
1 46 45
1 47 46
3 50 47
2 52 50
3 55 52
5 60 55
1 61 60
2 63 61
10 73 63
3 76 73
1 77 76
1 78 77
1 79 78
2 81 79
5 86 81
5 91 86
4 95 91
51 146 95
2 148 146
2 150 148
1 151 150
9 160 151
2 162 160
27 189 162
23 212 189
39 251 212
1 252 251
1 253 252
1 254 253
25 279 254
5 284 279
7 291 284
16 307 291
5 312 307
1180 1492 312
66 1558 1492
711 2269 1558
2343 4612 2269
2132 6744 4612
4440 11184 6744
STP 81 ALG 0 weight 5.00 Nodes 11186 path 115
Op order: Right Left Down Up 
Solving STP Korf instance [82 of 100] using DSD weight 6.000000
1 1 0
1 2 1
1 3 2
1 4 3
1 5 4
1 6 5
1 7 6
1 8 7
1 9 8
1 10 9
8 18 10
1 19 18
1 20 19
2 22 20
1 23 22
2 25 23
1 26 25
1 27 26
1 28 27
3 31 28
1 32 31
3 35 32
9 44 35
1 45 44
1 46 45
1 47 46
3 50 47
2 52 50
3 55 52
5 60 55
1 61 60
2 63 61
10 73 63
3 76 73
1 77 76
1 78 77
1 79 78
2 81 79
5 86 81
5 91 86
4 95 91
51 146 95
2 148 146
2 150 148
1 151 150
9 160 151
2 162 160
18 180 162
48 228 180
52 280 228
1 281 280
1 282 281
1 283 282
29 312 283
5 317 312
7 324 317
14 338 324
5 343 338
719 1062 343
944 2006 1062
1497 3503 2006
4595 8098 3503
104 8202 8098
1254 9456 8202
STP 81 ALG 0 weight 6.00 Nodes 9459 path 131
Op order: Right Left Down Up 
Solving STP Korf instance [82 of 100] using DSD weight 7.000000
1 1 0
1 2 1
1 3 2
1 4 3
1 5 4
1 6 5
1 7 6
1 8 7
1 9 8
1 10 9
8 18 10
1 19 18
1 20 19
2 22 20
1 23 22
2 25 23
1 26 25
1 27 26
1 28 27
3 31 28
1 32 31
3 35 32
9 44 35
1 45 44
1 46 45
1 47 46
3 50 47
2 52 50
3 55 52
5 60 55
1 61 60
2 63 61
10 73 63
3 76 73
1 77 76
1 78 77
1 79 78
2 81 79
5 86 81
5 91 86
4 95 91
43 138 95
3 141 138
2 143 141
2 145 143
1 146 145
2 148 146
9 157 148
21 178 157
19 197 178
67 264 197
1 265 264
22 287 265
17 304 287
1 305 304
17 322 305
9 331 322
45 376 331
6 382 376
206 588 382
1131 1719 588
40 1759 1719
303 2062 1759
STP 81 ALG 0 weight 7.00 Nodes 2065 path 131
Op order: Right Left Down Up 
Solving STP Korf instance [82 of 100] using DSD weight 8.000000
1 1 0
1 2 1
1 3 2
1 4 3
1 5 4
1 6 5
1 7 6
1 8 7
1 9 8
1 10 9
8 18 10
1 19 18
1 20 19
2 22 20
1 23 22
2 25 23
1 26 25
1 27 26
1 28 27
3 31 28
1 32 31
3 35 32
9 44 35
1 45 44
1 46 45
1 47 46
3 50 47
2 52 50
3 55 52
5 60 55
1 61 60
2 63 61
10 73 63
3 76 73
1 77 76
1 78 77
1 79 78
2 81 79
5 86 81
5 91 86
4 95 91
43 138 95
3 141 138
2 143 141
2 145 143
1 146 145
2 148 146
9 157 148
21 178 157
19 197 178
76 273 197
1 274 273
22 296 274
17 313 296
1 314 313
17 331 314
8 339 331
48 387 339
5 392 387
126 518 392
2292 2810 518
14 2824 2810
1015 3839 2824
STP 81 ALG 0 weight 8.00 Nodes 3842 path 137
Op order: Right Left Down Up 
Solving STP Korf instance [82 of 100] using DSD weight 9.000000
1 1 0
1 2 1
1 3 2
1 4 3
1 5 4
1 6 5
1 7 6
1 8 7
1 9 8
1 10 9
8 18 10
1 19 18
1 20 19
2 22 20
1 23 22
2 25 23
1 26 25
1 27 26
1 28 27
3 31 28
1 32 31
3 35 32
9 44 35
1 45 44
1 46 45
1 47 46
3 50 47
2 52 50
3 55 52
5 60 55
1 61 60
2 63 61
10 73 63
3 76 73
1 77 76
1 78 77
1 79 78
2 81 79
5 86 81
5 91 86
4 95 91
39 134 95
3 137 134
2 139 137
2 141 139
1 142 141
2 144 142
9 153 144
22 175 153
19 194 175
48 242 194
2 244 242
40 284 244
1 285 284
2 287 285
85 372 287
11 383 372
8 391 383
1 392 391
212 604 392
538 1142 604
55 1197 1142
273 1470 1197
STP 81 ALG 0 weight 9.00 Nodes 1473 path 129
Op order: Right Left Down Up 
Solving STP Korf instance [82 of 100] using DSD weight 4.000000
1 1 0
1 2 1
1 3 2
2 5 3
6 11 5
1 12 11
1 13 12
8 21 13
1 22 21
1 23 22
1 24 23
1 25 24
25 50 25
1 51 50
198 249 51
11 260 249
1 261 260
106 367 261
1 368 367
1 369 368
24 393 369
1 394 393
1 395 394
1 396 395
21 417 396
858 1275 417
2 1277 1275
1137 2414 1277
4 2418 2414
1 2419 2418
2 2421 2419
1 2422 2421
2 2424 2422
2 2426 2424
14 2440 2426
1 2441 2440
1 2442 2441
2 2444 2442
9 2453 2444
37 2490 2453
4 2494 2490
1 2495 2494
1 2496 2495
36 2532 2496
18 2550 2532
1 2551 2550
30 2581 2551
64 2645 2581
2 2647 2645
1 2648 2647
836 3484 2648
1 3485 3484
6574 10059 3485
3847 13906 10059
STP 81 ALG 1 weight 4.00 Nodes 13908 path 103
Op order: Right Left Down Up 
Solving STP Korf instance [82 of 100] using DSD weight 5.000000
1 1 0
1 2 1
1 3 2
2 5 3
6 11 5
1 12 11
1 13 12
8 21 13
1 22 21
1 23 22
1 24 23
1 25 24
25 50 25
1 51 50
198 249 51
11 260 249
1 261 260
106 367 261
1 368 367
1 369 368
24 393 369
1 394 393
1 395 394
1 396 395
21 417 396
858 1275 417
2 1277 1275
1137 2414 1277
4 2418 2414
1 2419 2418
2 2421 2419
1 2422 2421
2 2424 2422
2 2426 2424
14 2440 2426
1 2441 2440
1 2442 2441
2 2444 2442
9 2453 2444
10 2463 2453
20 2483 2463
1 2484 2483
1 2485 2484
36 2521 2485
15 2536 2521
1 2537 2536
31 2568 2537
17 2585 2568
2 2587 2585
1 2588 2587
1321 3909 2588
1290 5199 3909
1927 7126 5199
1211 8337 7126
STP 81 ALG 1 weight 5.00 Nodes 8339 path 115
Op order: Right Left Down Up 
Solving STP Korf instance [82 of 100] using DSD weight 6.000000
1 1 0
1 2 1
1 3 2
2 5 3
6 11 5
1 12 11
1 13 12
8 21 13
1 22 21
1 23 22
1 24 23
1 25 24
25 50 25
1 51 50
198 249 51
11 260 249
1 261 260
106 367 261
1 368 367
1 369 368
24 393 369
1 394 393
1 395 394
1 396 395
21 417 396
858 1275 417
2 1277 1275
1137 2414 1277
4 2418 2414
1 2419 2418
2 2421 2419
1 2422 2421
2 2424 2422
2 2426 2424
14 2440 2426
1 2441 2440
1 2442 2441
2 2444 2442
9 2453 2444
7 2460 2453
27 2487 2460
1 2488 2487
1 2489 2488
35 2524 2489
19 2543 2524
1 2544 2543
36 2580 2544
11 2591 2580
2 2593 2591
1 2594 2593
668 3262 2594
501 3763 3262
361 4124 3763
393 4517 4124
STP 81 ALG 1 weight 6.00 Nodes 4519 path 117
Op order: Right Left Down Up 
Solving STP Korf instance [82 of 100] using DSD weight 7.000000
1 1 0
1 2 1
1 3 2
2 5 3
6 11 5
1 12 11
1 13 12
8 21 13
1 22 21
1 23 22
1 24 23
1 25 24
25 50 25
1 51 50
198 249 51
11 260 249
1 261 260
106 367 261
1 368 367
1 369 368
24 393 369
1 394 393
1 395 394
1 396 395
21 417 396
858 1275 417
2 1277 1275
1137 2414 1277
4 2418 2414
1 2419 2418
2 2421 2419
1 2422 2421
2 2424 2422
2 2426 2424
14 2440 2426
1 2441 2440
1 2442 2441
2 2444 2442
9 2453 2444
7 2460 2453
9 2469 2460
22 2491 2469
1 2492 2491
35 2527 2492
19 2546 2527
1 2547 2546
31 2578 2547
16 2594 2578
2 2596 2594
1 2597 2596
656 3253 2597
566 3819 3253
223 4042 3819
452 4494 4042
STP 81 ALG 1 weight 7.00 Nodes 4496 path 117
Op order: Right Left Down Up 
Solving STP Korf instance [82 of 100] using DSD weight 8.000000
1 1 0
1 2 1
1 3 2
2 5 3
6 11 5
1 12 11
1 13 12
8 21 13
1 22 21
1 23 22
1 24 23
1 25 24
25 50 25
1 51 50
198 249 51
11 260 249
1 261 260
106 367 261
1 368 367
1 369 368
24 393 369
1 394 393
1 395 394
1 396 395
21 417 396
858 1275 417
2 1277 1275
1137 2414 1277
4 2418 2414
1 2419 2418
2 2421 2419
1 2422 2421
2 2424 2422
2 2426 2424
14 2440 2426
1 2441 2440
1 2442 2441
2 2444 2442
9 2453 2444
7 2460 2453
9 2469 2460
22 2491 2469
1 2492 2491
35 2527 2492
19 2546 2527
1 2547 2546
31 2578 2547
16 2594 2578
2 2596 2594
1 2597 2596
571 3168 2597
300 3468 3168
693 4161 3468
435 4596 4161
STP 81 ALG 1 weight 8.00 Nodes 4598 path 115
Op order: Right Left Down Up 
Solving STP Korf instance [82 of 100] using DSD weight 9.000000
1 1 0
1 2 1
1 3 2
2 5 3
6 11 5
1 12 11
1 13 12
8 21 13
1 22 21
1 23 22
1 24 23
1 25 24
25 50 25
1 51 50
198 249 51
11 260 249
1 261 260
106 367 261
1 368 367
1 369 368
24 393 369
1 394 393
1 395 394
1 396 395
21 417 396
858 1275 417
2 1277 1275
1137 2414 1277
4 2418 2414
1 2419 2418
2 2421 2419
1 2422 2421
2 2424 2422
2 2426 2424
14 2440 2426
1 2441 2440
1 2442 2441
2 2444 2442
9 2453 2444
7 2460 2453
6 2466 2460
4 2470 2466
8 2478 2470
7 2485 2478
40 2525 2485
1 2526 2525
1 2527 2526
19 2546 2527
27 2573 2546
3 2576 2573
136 2712 2576
142 2854 2712
37 2891 2854
1695 4586 2891
STP 81 ALG 1 weight 9.00 Nodes 4589 path 153
Op order: Right Left Down Up 
Solving STP Korf instance [82 of 100] using DSD weight 4.000000
1 1 0
1 2 1
1 3 2
1 4 3
1 5 4
1 6 5
1 7 6
1 8 7
1 9 8
1 10 9
8 18 10
1 19 18
1 20 19
2 22 20
1 23 22
2 25 23
1 26 25
1 27 26
1 28 27
3 31 28
1 32 31
3 35 32
9 44 35
1 45 44
1 46 45
1 47 46
3 50 47
2 52 50
3 55 52
5 60 55
1 61 60
2 63 61
10 73 63
3 76 73
1 77 76
1 78 77
1 79 78
2 81 79
5 86 81
5 91 86
4 95 91
43 138 95
3 141 138
2 143 141
2 145 143
1 146 145
2 148 146
9 157 148
21 178 157
79 257 178
75 332 257
1 333 332
19 352 333
19 371 352
2 373 371
14 387 373
12 399 387
92 491 399
64 555 491
9 564 555
2119 2683 564
10047 12730 2683
2 12732 12730
STP 81 ALG 2 weight 4.00 Nodes 12734 path 109
Op order: Right Left Down Up 
Solving STP Korf instance [82 of 100] using DSD weight 5.000000
1 1 0
1 2 1
1 3 2
1 4 3
1 5 4
1 6 5
1 7 6
1 8 7
1 9 8
1 10 9
8 18 10
1 19 18
1 20 19
2 22 20
1 23 22
2 25 23
1 26 25
1 27 26
1 28 27
3 31 28
1 32 31
3 35 32
9 44 35
1 45 44
1 46 45
1 47 46
3 50 47
2 52 50
3 55 52
5 60 55
1 61 60
2 63 61
10 73 63
3 76 73
1 77 76
1 78 77
1 79 78
2 81 79
5 86 81
5 91 86
4 95 91
39 134 95
3 137 134
2 139 137
2 141 139
1 142 141
2 144 142
9 153 144
19 172 153
21 193 172
49 242 193
2 244 242
40 284 244
1 285 284
2 287 285
85 372 287
11 383 372
8 391 383
1 392 391
304 696 392
2 698 696
5203 5901 698
437 6338 5901
STP 81 ALG 2 weight 5.00 Nodes 6363 path 121
Op order: Right Left Down Up 
Solving STP Korf instance [82 of 100] using DSD weight 6.000000
1 1 0
1 2 1
1 3 2
1 4 3
1 5 4
1 6 5
1 7 6
1 8 7
1 9 8
1 10 9
8 18 10
1 19 18
1 20 19
2 22 20
1 23 22
2 25 23
1 26 25
1 27 26
1 28 27
3 31 28
1 32 31
3 35 32
9 44 35
1 45 44
1 46 45
1 47 46
3 50 47
2 52 50
3 55 52
5 60 55
1 61 60
2 63 61
10 73 63
3 76 73
1 77 76
1 78 77
1 79 78
2 81 79
5 86 81
5 91 86
4 95 91
39 134 95
3 137 134
2 139 137
2 141 139
1 142 141
2 144 142
9 153 144
18 171 153
21 192 171
54 246 192
2 248 246
42 290 248
1 291 290
2 293 291
93 386 293
22 408 386
95 503 408
222 725 503
556 1281 725
309 1590 1281
361 1951 1590
388 2339 1951
STP 81 ALG 2 weight 6.00 Nodes 2371 path 123
Op order: Right Left Down Up 
Solving STP Korf instance [82 of 100] using DSD weight 7.000000
1 1 0
1 2 1
1 3 2
1 4 3
1 5 4
1 6 5
1 7 6
1 8 7
1 9 8
1 10 9
8 18 10
1 19 18
1 20 19
2 22 20
1 23 22
2 25 23
1 26 25
1 27 26
1 28 27
3 31 28
1 32 31
3 35 32
9 44 35
1 45 44
1 46 45
1 47 46
3 50 47
2 52 50
3 55 52
5 60 55
1 61 60
2 63 61
10 73 63
3 76 73
1 77 76
1 78 77
1 79 78
2 81 79
5 86 81
5 91 86
4 95 91
39 134 95
3 137 134
2 139 137
2 141 139
1 142 141
2 144 142
9 153 144
18 171 153
20 191 171
53 244 191
2 246 244
39 285 246
1 286 285
2 288 286
91 379 288
11 390 379
8 398 390
1 399 398
222 621 399
904 1525 621
5 1530 1525
8203 9733 1530
STP 81 ALG 2 weight 7.00 Nodes 9736 path 133
Op order: Right Left Down Up 
Solving STP Korf instance [82 of 100] using DSD weight 8.000000
1 1 0
1 2 1
1 3 2
1 4 3
1 5 4
1 6 5
1 7 6
1 8 7
1 9 8
1 10 9
8 18 10
1 19 18
1 20 19
2 22 20
1 23 22
2 25 23
1 26 25
1 27 26
1 28 27
3 31 28
1 32 31
3 35 32
9 44 35
1 45 44
1 46 45
1 47 46
3 50 47
2 52 50
3 55 52
5 60 55
1 61 60
2 63 61
10 73 63
3 76 73
1 77 76
1 78 77
1 79 78
2 81 79
5 86 81
5 91 86
4 95 91
39 134 95
3 137 134
2 139 137
2 141 139
1 142 141
2 144 142
9 153 144
18 171 153
20 191 171
53 244 191
2 246 244
39 285 246
1 286 285
2 288 286
91 379 288
11 390 379
8 398 390
1 399 398
228 627 399
800 1427 627
3 1430 1427
3131 4561 1430
STP 81 ALG 2 weight 8.00 Nodes 4564 path 143
Op order: Right Left Down Up 
Solving STP Korf instance [82 of 100] using DSD weight 9.000000
1 1 0
1 2 1
1 3 2
1 4 3
1 5 4
1 6 5
1 7 6
1 8 7
1 9 8
1 10 9
8 18 10
1 19 18
1 20 19
2 22 20
1 23 22
2 25 23
1 26 25
1 27 26
1 28 27
3 31 28
1 32 31
3 35 32
9 44 35
1 45 44
1 46 45
1 47 46
3 50 47
2 52 50
3 55 52
5 60 55
1 61 60
2 63 61
10 73 63
3 76 73
1 77 76
1 78 77
1 79 78
2 81 79
5 86 81
5 91 86
4 95 91
39 134 95
3 137 134
2 139 137
2 141 139
1 142 141
2 144 142
9 153 144
18 171 153
20 191 171
53 244 191
2 246 244
39 285 246
1 286 285
2 288 286
91 379 288
11 390 379
8 398 390
1 399 398
245 644 399
861 1505 644
2 1507 1505
811 2318 1507
STP 81 ALG 2 weight 9.00 Nodes 2321 path 143
Op order: Right Left Down Up 
Solving STP Korf instance [82 of 100] using DSD weight 4.000000
1 1 0
1 2 1
1 3 2
1 4 3
1 5 4
1 6 5
1 7 6
1 8 7
1 9 8
27 36 9
1 37 36
1 38 37
1 39 38
1 40 39
12 52 40
6 58 52
1 59 58
1 60 59
1 61 60
1 62 61
8 70 62
1 71 70
1 72 71
203 275 72
1 276 275
141 417 276
12 429 417
174 603 429
2 605 603
976 1581 605
5 1586 1581
2 1588 1586
1 1589 1588
2 1591 1589
2 1593 1591
13 1606 1593
1 1607 1606
1 1608 1607
2 1610 1608
9 1619 1610
38 1657 1619
4 1661 1657
1 1662 1661
1 1663 1662
36 1699 1663
14 1713 1699
1 1714 1713
32 1746 1714
66 1812 1746
2 1814 1812
1 1815 1814
1561 3376 1815
1 3377 3376
1863 5240 3377
2 5242 5240
STP 81 ALG 3 weight 4.00 Nodes 5244 path 103
Op order: Right Left Down Up 
Solving STP Korf instance [82 of 100] using DSD weight 5.000000
1 1 0
1 2 1
1 3 2
1 4 3
1 5 4
1 6 5
1 7 6
1 8 7
1 9 8
27 36 9
1 37 36
1 38 37
1 39 38
1 40 39
12 52 40
6 58 52
1 59 58
1 60 59
1 61 60
6 67 61
2 69 67
1 70 69
1 71 70
203 274 71
1 275 274
142 417 275
12 429 417
2 431 429
169 600 431
10 610 600
762 1372 610
2 1374 1372
1 1375 1374
2 1377 1375
2 1379 1377
14 1393 1379
1 1394 1393
1 1395 1394
2 1397 1395
9 1406 1397
10 1416 1406
20 1436 1416
1 1437 1436
1 1438 1437
36 1474 1438
15 1489 1474
1 1490 1489
36 1526 1490
12 1538 1526
2 1540 1538
1 1541 1540
1352 2893 1541
1250 4143 2893
1926 6069 4143
1294 7363 6069
STP 81 ALG 3 weight 5.00 Nodes 7365 path 117
Op order: Right Left Down Up 
Solving STP Korf instance [82 of 100] using DSD weight 6.000000
1 1 0
1 2 1
1 3 2
1 4 3
1 5 4
1 6 5
1 7 6
1 8 7
1 9 8
27 36 9
1 37 36
1 38 37
1 39 38
1 40 39
12 52 40
39 91 52
1 92 91
1 93 92
1 94 93
1 95 94
5 100 95
1 101 100
1 102 101
102 204 102
1 205 204
213 418 205
20 438 418
2 440 438
321 761 440
9 770 761
939 1709 770
2 1711 1709
1 1712 1711
2 1714 1712
2 1716 1714
14 1730 1716
1 1731 1730
1 1732 1731
2 1734 1732
9 1743 1734
7 1750 1743
27 1777 1750
1 1778 1777
1 1779 1778
35 1814 1779
16 1830 1814
1 1831 1830
30 1861 1831
17 1878 1861
2 1880 1878
1 1881 1880
613 2494 1881
437 2931 2494
362 3293 2931
413 3706 3293
STP 81 ALG 3 weight 6.00 Nodes 3708 path 115
Op order: Right Left Down Up 
Solving STP Korf instance [82 of 100] using DSD weight 7.000000
1 1 0
1 2 1
1 3 2
1 4 3
6 10 4
1 11 10
1 12 11
3 15 12
1 16 15
1 17 16
1 18 17
1 19 18
1 20 19
1 21 20
31 52 21
7 59 52
1 60 59
1 61 60
1 62 61
1 63 62
8 71 63
1 72 71
1 73 72
218 291 73
1 292 291
126 418 292
18 436 418
2 438 436
125 563 438
13 576 563
4 580 576
4 584 580
2 586 584
881 1467 586
1 1468 1467
2 1470 1468
2 1472 1470
14 1486 1472
1 1487 1486
1 1488 1487
2 1490 1488
9 1499 1490
7 1506 1499
9 1515 1506
22 1537 1515
1 1538 1537
35 1573 1538
16 1589 1573
1 1590 1589
30 1620 1590
17 1637 1620
2 1639 1637
1 1640 1639
637 2277 1640
458 2735 2277
223 2958 2735
456 3414 2958
STP 81 ALG 3 weight 7.00 Nodes 3416 path 115
Op order: Right Left Down Up 
Solving STP Korf instance [82 of 100] using DSD weight 8.000000
1 1 0
1 2 1
1 3 2
1 4 3
6 10 4
1 11 10
12 23 11
2 25 23
1 26 25
1 27 26
1 28 27
1 29 28
1 30 29
1 31 30
21 52 31
6 58 52
2 60 58
1 61 60
1 62 61
1 63 62
8 71 63
1 72 71
1 73 72
292 365 73
1 366 365
51 417 366
12 429 417
2 431 429
129 560 431
14 574 560
4 578 574
4 582 578
2 584 582
819 1403 584
1 1404 1403
2 1406 1404
2 1408 1406
14 1422 1408
1 1423 1422
1 1424 1423
2 1426 1424
9 1435 1426
7 1442 1435
9 1451 1442
22 1473 1451
1 1474 1473
35 1509 1474
19 1528 1509
1 1529 1528
31 1560 1529
17 1577 1560
2 1579 1577
1 1580 1579
519 2099 1580
292 2391 2099
621 3012 2391
512 3524 3012
STP 81 ALG 3 weight 8.00 Nodes 3526 path 117
Op order: Right Left Down Up 
Solving STP Korf instance [82 of 100] using DSD weight 9.000000
1 1 0
1 2 1
1 3 2
1 4 3
1 5 4
1 6 5
1 7 6
1 8 7
1 9 8
27 36 9
1 37 36
1 38 37
1 39 38
1 40 39
12 52 40
6 58 52
1 59 58
1 60 59
1 61 60
1 62 61
8 70 62
1 71 70
1 72 71
202 274 72
1 275 274
142 417 275
12 429 417
2 431 429
192 623 431
6 629 623
11 640 629
4 644 640
4 648 644
2 650 648
15 665 650
743 1408 665
2 1410 1408
2 1412 1410
12 1424 1412
1 1425 1424
1 1426 1425
2 1428 1426
9 1437 1428
7 1444 1437
6 1450 1444
4 1454 1450
8 1462 1454
7 1469 1462
36 1505 1469
1 1506 1505
1 1507 1506
19 1526 1507
27 1553 1526
3 1556 1553
211 1767 1556
41 1808 1767
37 1845 1808
1675 3520 1845
STP 81 ALG 3 weight 9.00 Nodes 3523 path 153
Op order: Right Left Down Up 
Solving STP Korf instance [82 of 100] using DSD weight 4.000000
1 1 0
1 2 1
1 3 2
1 4 3
1 5 4
1 6 5
1 7 6
1 8 7
1 9 8
27 36 9
1 37 36
1 38 37
1 39 38
1 40 39
12 52 40
14 66 52
1 67 66
1 68 67
1 69 68
1 70 69
8 78 70
1 79 78
1 80 79
191 271 80
1 272 271
145 417 272
12 429 417
158 587 429
2 589 587
991 1580 589
1 1581 1580
2 1583 1581
1 1584 1583
2 1586 1584
2 1588 1586
14 1602 1588
1 1603 1602
1 1604 1603
2 1606 1604
9 1615 1606
2 1617 1615
1 1618 1617
1 1619 1618
36 1655 1619
9 1664 1655
5 1669 1664
11 1680 1669
87 1767 1680
1 1768 1767
1 1769 1768
1 1770 1769
583 2353 1770
1 2354 2353
1436 3790 2354
15786 19576 3790
STP 81 ALG 4 weight 4.00 Nodes 19578 path 101
Op order: Right Left Down Up 
Solving STP Korf instance [82 of 100] using DSD weight 5.000000
1 1 0
1 2 1
1 3 2
1 4 3
1 5 4
1 6 5
1 7 6
1 8 7
1 9 8
27 36 9
1 37 36
1 38 37
1 39 38
1 40 39
12 52 40
6 58 52
1 59 58
1 60 59
1 61 60
1 62 61
8 70 62
1 71 70
1 72 71
132 204 72
1 205 204
212 417 205
12 429 417
151 580 429
2 582 580
999 1581 582
1 1582 1581
2 1584 1582
1 1585 1584
2 1587 1585
2 1589 1587
14 1603 1589
1 1604 1603
1 1605 1604
2 1607 1605
9 1616 1607
2 1618 1616
1 1619 1618
1 1620 1619
35 1655 1620
14 1669 1655
5 1674 1669
11 1685 1674
38 1723 1685
1 1724 1723
1 1725 1724
1 1726 1725
2645 4371 1726
1461 5832 4371
229 6061 5832
2 6063 6061
STP 81 ALG 4 weight 5.00 Nodes 6065 path 113
Op order: Right Left Down Up 
Solving STP Korf instance [82 of 100] using DSD weight 6.000000
1 1 0
1 2 1
1 3 2
1 4 3
1 5 4
1 6 5
1 7 6
1 8 7
1 9 8
27 36 9
1 37 36
1 38 37
1 39 38
1 40 39
12 52 40
6 58 52
1 59 58
1 60 59
1 61 60
1 62 61
8 70 62
1 71 70
1 72 71
168 240 72
1 241 240
176 417 241
12 429 417
186 615 429
2 617 615
965 1582 617
5 1587 1582
2 1589 1587
1 1590 1589
2 1592 1590
2 1594 1592
11 1605 1594
1 1606 1605
1 1607 1606
2 1609 1607
9 1618 1609
7 1625 1618
27 1652 1625
1 1653 1652
1 1654 1653
35 1689 1654
19 1708 1689
1 1709 1708
31 1740 1709
16 1756 1740
2 1758 1756
1 1759 1758
653 2412 1759
390 2802 2412
358 3160 2802
449 3609 3160
STP 81 ALG 4 weight 6.00 Nodes 3611 path 117
Op order: Right Left Down Up 
Solving STP Korf instance [82 of 100] using DSD weight 7.000000
1 1 0
1 2 1
1 3 2
1 4 3
1 5 4
1 6 5
1 7 6
1 8 7
1 9 8
27 36 9
1 37 36
1 38 37
1 39 38
1 40 39
12 52 40
42 94 52
1 95 94
1 96 95
1 97 96
1 98 97
26 124 98
1 125 124
1 126 125
157 283 126
1 284 283
136 420 284
32 452 420
131 583 452
2 585 583
995 1580 585
1 1581 1580
2 1583 1581
1 1584 1583
2 1586 1584
2 1588 1586
14 1602 1588
1 1603 1602
1 1604 1603
2 1606 1604
9 1615 1606
2 1617 1615
1 1618 1617
1 1619 1618
35 1654 1619
10 1664 1654
5 1669 1664
11 1680 1669
37 1717 1680
1 1718 1717
1 1719 1718
1 1720 1719
565 2285 1720
533 2818 2285
647 3465 2818
75 3540 3465
STP 81 ALG 4 weight 7.00 Nodes 3542 path 111
Op order: Right Left Down Up 
Solving STP Korf instance [82 of 100] using DSD weight 8.000000
1 1 0
1 2 1
1 3 2
1 4 3
1 5 4
1 6 5
1 7 6
1 8 7
1 9 8
27 36 9
1 37 36
1 38 37
1 39 38
1 40 39
12 52 40
14 66 52
1 67 66
1 68 67
1 69 68
1 70 69
8 78 70
1 79 78
1 80 79
204 284 80
1 285 284
135 420 285
10 430 420
169 599 430
2 601 599
982 1583 601
4 1587 1583
2 1589 1587
1 1590 1589
2 1592 1590
2 1594 1592
11 1605 1594
1 1606 1605
1 1607 1606
2 1609 1607
9 1618 1609
7 1625 1618
9 1634 1625
22 1656 1634
1 1657 1656
35 1692 1657
16 1708 1692
1 1709 1708
31 1740 1709
16 1756 1740
2 1758 1756
1 1759 1758
556 2315 1759
298 2613 2315
583 3196 2613
491 3687 3196
STP 81 ALG 4 weight 8.00 Nodes 3689 path 115
Op order: Right Left Down Up 
Solving STP Korf instance [82 of 100] using DSD weight 9.000000
1 1 0
1 2 1
1 3 2
1 4 3
1 5 4
1 6 5
1 7 6
3 10 7
1 11 10
25 36 11
1 37 36
1 38 37
1 39 38
1 40 39
12 52 40
6 58 52
1 59 58
1 60 59
1 61 60
1 62 61
8 70 62
1 71 70
1 72 71
202 274 72
1 275 274
145 420 275
10 430 420
183 613 430
2 615 613
965 1580 615
1 1581 1580
2 1583 1581
1 1584 1583
2 1586 1584
2 1588 1586
14 1602 1588
1 1603 1602
1 1604 1603
2 1606 1604
9 1615 1606
2 1617 1615
1 1618 1617
1 1619 1618
35 1654 1619
10 1664 1654
5 1669 1664
11 1680 1669
37 1717 1680
1 1718 1717
1 1719 1718
1 1720 1719
523 2243 1720
832 3075 2243
410 3485 3075
338 3823 3485
STP 81 ALG 4 weight 9.00 Nodes 3825 path 113
Op order: Right Left Down Up 
Solving STP Korf instance [82 of 100] using DSD weight 4.000000
1 1 0
1 2 1
1 3 2
1 4 3
1 5 4
1 6 5
1 7 6
1 8 7
1 9 8
27 36 9
1 37 36
1 38 37
1 39 38
1 40 39
12 52 40
6 58 52
220 278 58
1 279 278
2 281 279
1 282 281
1 283 282
6 289 283
1 290 289
1 291 290
1 292 291
125 417 292
1573 1990 417
2 1992 1990
125 2117 1992
10 2127 2117
252 2379 2127
2 2381 2379
1 2382 2381
2 2384 2382
2 2386 2384
14 2400 2386
1 2401 2400
1 2402 2401
2 2404 2402
9 2413 2404
37 2450 2413
4 2454 2450
1 2455 2454
1 2456 2455
36 2492 2456
16 2508 2492
1 2509 2508
31 2540 2509
59 2599 2540
2 2601 2599
1 2602 2601
1581 4183 2602
45 4228 4183
1809 6037 4228
2 6039 6037
STP 81 ALG 5 weight 4.00 Nodes 6041 path 103
Op order: Right Left Down Up 
Solving STP Korf instance [82 of 100] using DSD weight 5.000000
1 1 0
1 2 1
1 3 2
1 4 3
1 5 4
1 6 5
1 7 6
1 8 7
1 9 8
27 36 9
1 37 36
1 38 37
1 39 38
1 40 39
12 52 40
6 58 52
1 59 58
1 60 59
1 61 60
6 67 61
2 69 67
1 70 69
1 71 70
203 274 71
1 275 274
142 417 275
12 429 417
2 431 429
169 600 431
10 610 600
762 1372 610
2 1374 1372
1 1375 1374
2 1377 1375
2 1379 1377
14 1393 1379
1 1394 1393
1 1395 1394
2 1397 1395
9 1406 1397
10 1416 1406
20 1436 1416
1 1437 1436
1 1438 1437
36 1474 1438
15 1489 1474
1 1490 1489
36 1526 1490
12 1538 1526
2 1540 1538
1 1541 1540
1352 2893 1541
1250 4143 2893
1926 6069 4143
1294 7363 6069
STP 81 ALG 5 weight 5.00 Nodes 7365 path 117
Op order: Right Left Down Up 
Solving STP Korf instance [82 of 100] using DSD weight 6.000000
1 1 0
1 2 1
1 3 2
1 4 3
1 5 4
1 6 5
1 7 6
1 8 7
1 9 8
27 36 9
1 37 36
1 38 37
1 39 38
1 40 39
12 52 40
39 91 52
1 92 91
1 93 92
1 94 93
1 95 94
5 100 95
1 101 100
1 102 101
102 204 102
1 205 204
213 418 205
20 438 418
2 440 438
321 761 440
9 770 761
939 1709 770
2 1711 1709
1 1712 1711
2 1714 1712
2 1716 1714
14 1730 1716
1 1731 1730
1 1732 1731
2 1734 1732
9 1743 1734
7 1750 1743
27 1777 1750
1 1778 1777
1 1779 1778
35 1814 1779
16 1830 1814
1 1831 1830
30 1861 1831
17 1878 1861
2 1880 1878
1 1881 1880
613 2494 1881
437 2931 2494
362 3293 2931
413 3706 3293
STP 81 ALG 5 weight 6.00 Nodes 3708 path 115
Op order: Right Left Down Up 
Solving STP Korf instance [82 of 100] using DSD weight 7.000000
1 1 0
1 2 1
1 3 2
1 4 3
6 10 4
1 11 10
1 12 11
3 15 12
1 16 15
1 17 16
1 18 17
1 19 18
1 20 19
1 21 20
31 52 21
7 59 52
1 60 59
1 61 60
1 62 61
1 63 62
8 71 63
1 72 71
1 73 72
218 291 73
1 292 291
126 418 292
18 436 418
2 438 436
125 563 438
13 576 563
4 580 576
4 584 580
2 586 584
881 1467 586
1 1468 1467
2 1470 1468
2 1472 1470
14 1486 1472
1 1487 1486
1 1488 1487
2 1490 1488
9 1499 1490
7 1506 1499
9 1515 1506
22 1537 1515
1 1538 1537
35 1573 1538
16 1589 1573
1 1590 1589
30 1620 1590
17 1637 1620
2 1639 1637
1 1640 1639
637 2277 1640
458 2735 2277
223 2958 2735
456 3414 2958
STP 81 ALG 5 weight 7.00 Nodes 3416 path 115
Op order: Right Left Down Up 
Solving STP Korf instance [82 of 100] using DSD weight 8.000000
1 1 0
1 2 1
1 3 2
1 4 3
6 10 4
1 11 10
12 23 11
2 25 23
1 26 25
1 27 26
1 28 27
1 29 28
1 30 29
1 31 30
21 52 31
6 58 52
2 60 58
1 61 60
1 62 61
1 63 62
8 71 63
1 72 71
1 73 72
292 365 73
1 366 365
51 417 366
12 429 417
2 431 429
129 560 431
14 574 560
4 578 574
4 582 578
2 584 582
819 1403 584
1 1404 1403
2 1406 1404
2 1408 1406
14 1422 1408
1 1423 1422
1 1424 1423
2 1426 1424
9 1435 1426
7 1442 1435
9 1451 1442
22 1473 1451
1 1474 1473
35 1509 1474
19 1528 1509
1 1529 1528
31 1560 1529
17 1577 1560
2 1579 1577
1 1580 1579
519 2099 1580
292 2391 2099
621 3012 2391
512 3524 3012
STP 81 ALG 5 weight 8.00 Nodes 3526 path 117
Op order: Right Left Down Up 
Solving STP Korf instance [82 of 100] using DSD weight 9.000000
1 1 0
1 2 1
1 3 2
1 4 3
1 5 4
1 6 5
1 7 6
1 8 7
1 9 8
27 36 9
1 37 36
1 38 37
1 39 38
1 40 39
12 52 40
6 58 52
1 59 58
1 60 59
1 61 60
1 62 61
8 70 62
1 71 70
1 72 71
202 274 72
1 275 274
142 417 275
12 429 417
2 431 429
192 623 431
6 629 623
11 640 629
4 644 640
4 648 644
2 650 648
15 665 650
743 1408 665
2 1410 1408
2 1412 1410
12 1424 1412
1 1425 1424
1 1426 1425
2 1428 1426
9 1437 1428
7 1444 1437
6 1450 1444
4 1454 1450
8 1462 1454
7 1469 1462
36 1505 1469
1 1506 1505
1 1507 1506
19 1526 1507
27 1553 1526
3 1556 1553
211 1767 1556
41 1808 1767
37 1845 1808
1675 3520 1845
STP 81 ALG 5 weight 9.00 Nodes 3523 path 153
Op order: Right Left Down Up 
Solving STP Korf instance [82 of 100] using DSD weight 4.000000
1 1 0
1 2 1
1 3 2
1 4 3
1 5 4
1 6 5
1 7 6
1 8 7
1 9 8
1 10 9
8 18 10
1 19 18
1 20 19
2 22 20
1 23 22
9 32 23
1 33 32
1 34 33
1 35 34
3 38 35
1 39 38
3 42 39
8 50 42
1 51 50
1 52 51
1 53 52
3 56 53
2 58 56
3 61 58
5 66 61
1 67 66
2 69 67
10 79 69
3 82 79
1 83 82
1 84 83
1 85 84
2 87 85
5 92 87
5 97 92
18 115 97
32 147 115
30 177 147
1 178 177
2 180 178
17 197 180
19 216 197
26 242 216
49 291 242
4 295 291
2 297 295
1 298 297
3 301 298
11 312 301
65 377 312
507 884 377
10 894 884
574 1468 894
7 1475 1468
3914 5389 1475
851 6240 5389
2435 8675 6240
2917 11592 8675
STP 81 ALG 6 weight 4.00 Nodes 11594 path 111
Op order: Right Left Down Up 
Solving STP Korf instance [82 of 100] using DSD weight 5.000000
1 1 0
1 2 1
1 3 2
1 4 3
1 5 4
1 6 5
1 7 6
1 8 7
1 9 8
1 10 9
8 18 10
1 19 18
1 20 19
2 22 20
1 23 22
2 25 23
1 26 25
1 27 26
1 28 27
3 31 28
1 32 31
3 35 32
9 44 35
1 45 44
1 46 45
1 47 46
3 50 47
2 52 50
3 55 52
5 60 55
1 61 60
2 63 61
10 73 63
3 76 73
1 77 76
1 78 77
1 79 78
2 81 79
5 86 81
5 91 86
4 95 91
51 146 95
2 148 146
2 150 148
1 151 150
9 160 151
2 162 160
27 189 162
23 212 189
39 251 212
1 252 251
1 253 252
1 254 253
25 279 254
5 284 279
7 291 284
16 307 291
5 312 307
1574 1886 312
15 1901 1886
915 2816 1901
3729 6545 2816
441 6986 6545
6423 13409 6986
STP 81 ALG 6 weight 5.00 Nodes 13414 path 121
Op order: Right Left Down Up 
Solving STP Korf instance [82 of 100] using DSD weight 6.000000
1 1 0
1 2 1
1 3 2
1 4 3
1 5 4
1 6 5
1 7 6
1 8 7
1 9 8
1 10 9
8 18 10
1 19 18
1 20 19
2 22 20
1 23 22
2 25 23
1 26 25
1 27 26
1 28 27
3 31 28
1 32 31
3 35 32
9 44 35
1 45 44
1 46 45
1 47 46
3 50 47
2 52 50
3 55 52
5 60 55
1 61 60
2 63 61
10 73 63
3 76 73
1 77 76
1 78 77
1 79 78
2 81 79
5 86 81
5 91 86
4 95 91
51 146 95
2 148 146
2 150 148
1 151 150
9 160 151
2 162 160
18 180 162
12 192 180
1 193 192
2 195 193
8 203 195
20 223 203
1 224 223
180 404 224
15 419 404
7 426 419
10 436 426
784 1220 436
5 1225 1220
538 1763 1225
2 1765 1763
14 1779 1765
2820 4599 1779
STP 81 ALG 6 weight 6.00 Nodes 4604 path 137
Op order: Right Left Down Up 
Solving STP Korf instance [82 of 100] using DSD weight 7.000000
1 1 0
1 2 1
1 3 2
1 4 3
1 5 4
1 6 5
1 7 6
1 8 7
1 9 8
1 10 9
8 18 10
1 19 18
1 20 19
2 22 20
1 23 22
2 25 23
1 26 25
1 27 26
1 28 27
3 31 28
1 32 31
3 35 32
9 44 35
1 45 44
1 46 45
1 47 46
3 50 47
2 52 50
3 55 52
5 60 55
1 61 60
2 63 61
10 73 63
3 76 73
1 77 76
1 78 77
1 79 78
2 81 79
5 86 81
5 91 86
4 95 91
43 138 95
3 141 138
2 143 141
2 145 143
1 146 145
2 148 146
9 157 148
21 178 157
19 197 178
67 264 197
1 265 264
22 287 265
17 304 287
1 305 304
17 322 305
9 331 322
45 376 331
6 382 376
120 502 382
2668 3170 502
43 3213 3170
474 3687 3213
STP 81 ALG 6 weight 7.00 Nodes 3690 path 131
Op order: Right Left Down Up 
Solving STP Korf instance [82 of 100] using DSD weight 8.000000
1 1 0
1 2 1
1 3 2
1 4 3
1 5 4
1 6 5
1 7 6
1 8 7
1 9 8
1 10 9
8 18 10
1 19 18
1 20 19
2 22 20
1 23 22
2 25 23
1 26 25
1 27 26
1 28 27
3 31 28
1 32 31
3 35 32
9 44 35
1 45 44
1 46 45
1 47 46
3 50 47
2 52 50
3 55 52
5 60 55
1 61 60
2 63 61
10 73 63
3 76 73
1 77 76
1 78 77
1 79 78
2 81 79
5 86 81
5 91 86
4 95 91
43 138 95
3 141 138
2 143 141
2 145 143
1 146 145
2 148 146
9 157 148
21 178 157
19 197 178
76 273 197
1 274 273
22 296 274
17 313 296
1 314 313
17 331 314
8 339 331
53 392 339
5 397 392
109 506 397
3002 3508 506
2 3510 3508
331 3841 3510
STP 81 ALG 6 weight 8.00 Nodes 3844 path 147
Op order: Right Left Down Up 
Solving STP Korf instance [82 of 100] using DSD weight 9.000000
1 1 0
1 2 1
1 3 2
1 4 3
1 5 4
1 6 5
1 7 6
1 8 7
1 9 8
1 10 9
8 18 10
1 19 18
1 20 19
2 22 20
1 23 22
2 25 23
1 26 25
1 27 26
1 28 27
3 31 28
1 32 31
3 35 32
9 44 35
1 45 44
1 46 45
1 47 46
3 50 47
2 52 50
3 55 52
5 60 55
1 61 60
2 63 61
10 73 63
3 76 73
1 77 76
1 78 77
1 79 78
2 81 79
5 86 81
5 91 86
4 95 91
39 134 95
3 137 134
2 139 137
2 141 139
1 142 141
2 144 142
9 153 144
22 175 153
19 194 175
48 242 194
2 244 242
40 284 244
1 285 284
2 287 285
85 372 287
11 383 372
8 391 383
1 392 391
212 604 392
620 1224 604
50 1274 1224
305 1579 1274
STP 81 ALG 6 weight 9.00 Nodes 1582 path 129
Op order: Right Left Down Up 
Solving STP Korf instance [82 of 100] using DSD weight 4.000000
1 1 0
1 2 1
1 3 2
1 4 3
1 5 4
1 6 5
1 7 6
1 8 7
1 9 8
13 22 9
1 23 22
8 31 23
1 32 31
1 33 32
7 40 33
1 41 40
17 58 41
2 60 58
81 141 60
4 145 141
5 150 145
1 151 150
89 240 151
86 326 240
2 328 326
28 356 328
1 357 356
1 358 357
13 371 358
1 372 371
504 876 372
1 877 876
62 939 877
1 940 939
1 941 940
1008 1949 941
257 2206 1949
1 2207 2206
1 2208 2207
1 2209 2208
2 2211 2209
13 2224 2211
38 2262 2224
22 2284 2262
1 2285 2284
1 2286 2285
36 2322 2286
15 2337 2322
1 2338 2337
32 2370 2338
140 2510 2370
69 2579 2510
1567 4146 2579
2 4148 4146
1 4149 4148
1650 5799 4149
2 5801 5799
STP 81 ALG 7 weight 4.00 Nodes 5803 path 103
Op order: Right Left Down Up 
Solving STP Korf instance [82 of 100] using DSD weight 5.000000
1 1 0
1 2 1
1 3 2
1 4 3
1 5 4
1 6 5
1 7 6
1 8 7
1 9 8
11 20 9
2 22 20
7 29 22
1 30 29
1 31 30
7 38 31
1 39 38
22 61 39
2 63 61
15 78 63
1 79 78
50 129 79
1 130 129
3 133 130
82 215 133
2 217 215
202 419 217
5 424 419
1 425 424
10 435 425
1 436 435
265 701 436
3 704 701
230 934 704
4 938 934
1 939 938
3 942 939
1 943 942
9 952 943
1 953 952
2 955 953
1 956 955
2 958 956
1 959 958
2 961 959
54 1015 961
6 1021 1015
1 1022 1021
1 1023 1022
37 1060 1023
23 1083 1060
3 1086 1083
287 1373 1086
108 1481 1373
542 2023 1481
1 2024 2023
2 2026 2024
506 2532 2026
7470 10002 2532
STP 81 ALG 7 weight 5.00 Nodes 10005 path 125
Op order: Right Left Down Up 
Solving STP Korf instance [82 of 100] using DSD weight 6.000000
1 1 0
1 2 1
1 3 2
1 4 3
1 5 4
1 6 5
1 7 6
1 8 7
1 9 8
11 20 9
2 22 20
7 29 22
1 30 29
1 31 30
7 38 31
1 39 38
24 63 39
2 65 63
13 78 65
3 81 78
5 86 81
1 87 86
15 102 87
63 165 102
2 167 165
1 168 167
15 183 168
6 189 183
17 206 189
1 207 206
22 229 207
1 230 229
747 977 230
4 981 977
1 982 981
3 985 982
1 986 985
9 995 986
1 996 995
2 998 996
1 999 998
2 1001 999
1 1002 1001
2 1004 1002
54 1058 1004
6 1064 1058
1 1065 1064
1 1066 1065
35 1101 1066
28 1129 1101
3 1132 1129
98 1230 1132
362 1592 1230
132 1724 1592
374 2098 1724
319 2417 2098
227 2644 2417
413 3057 2644
STP 81 ALG 7 weight 6.00 Nodes 3060 path 129
Op order: Right Left Down Up 
Solving STP Korf instance [82 of 100] using DSD weight 7.000000
1 1 0
1 2 1
1 3 2
1 4 3
1 5 4
1 6 5
1 7 6
1 8 7
1 9 8
11 20 9
2 22 20
7 29 22
1 30 29
1 31 30
7 38 31
1 39 38
59 98 39
2 100 98
13 113 100
1 114 113
11 125 114
1 126 125
13 139 126
77 216 139
2 218 216
27 245 218
3 248 245
1 249 248
18 267 249
1 268 267
12 280 268
170 450 280
9 459 450
2 461 459
205 666 461
1 667 666
3 670 667
1 671 670
9 680 671
1 681 680
2 683 681
1 684 683
2 686 684
1 687 686
2 689 687
41 730 689
24 754 730
1 755 754
1 756 755
35 791 756
28 819 791
3 822 819
98 920 822
338 1258 920
102 1360 1258
356 1716 1360
443 2159 1716
9 2168 2159
5372 7540 2168
STP 81 ALG 7 weight 7.00 Nodes 7543 path 159
Op order: Right Left Down Up 
Solving STP Korf instance [82 of 100] using DSD weight 8.000000
1 1 0
1 2 1
1 3 2
1 4 3
1 5 4
1 6 5
1 7 6
1 8 7
1 9 8
11 20 9
2 22 20
7 29 22
1 30 29
1 31 30
7 38 31
1 39 38
9 48 39
1 49 48
1 50 49
1 51 50
3 54 51
1 55 54
65 120 55
1 121 120
10 131 121
5 136 131
1 137 136
1 138 137
112 250 138
1 251 250
23 274 251
1 275 274
3 278 275
69 347 278
111 458 347
2 460 458
58 518 460
1 519 518
3 522 519
1 523 522
9 532 523
1 533 532
2 535 533
1 536 535
2 538 536
1 539 538
2 541 539
37 578 541
14 592 578
2 594 592
23 617 594
35 652 617
21 673 652
3 676 673
110 786 676
451 1237 786
122 1359 1237
344 1703 1359
222 1925 1703
9 1934 1925
5017 6951 1934
STP 81 ALG 7 weight 8.00 Nodes 6954 path 159
Op order: Right Left Down Up 
Solving STP Korf instance [82 of 100] using DSD weight 9.000000
1 1 0
1 2 1
1 3 2
1 4 3
1 5 4
1 6 5
1 7 6
1 8 7
1 9 8
1 10 9
8 18 10
1 19 18
1 20 19
7 27 20
1 28 27
20 48 28
1 49 48
1 50 49
1 51 50
3 54 51
1 55 54
3 58 55
19 77 58
1 78 77
1 79 78
1 80 79
10 90 80
2 92 90
233 325 92
7 332 325
1 333 332
2 335 333
227 562 335
22 584 562
2 586 584
2 588 586
87 675 588
1 676 675
5 681 676
4 685 681
317 1002 685
3 1005 1002
2 1007 1005
25 1032 1007
2 1034 1032
59 1093 1034
1 1094 1093
2 1096 1094
10 1106 1096
22 1128 1106
26 1154 1128
25 1179 1154
54 1233 1179
1 1234 1233
1 1235 1234
54 1289 1235
109 1398 1289
6 1404 1398
459 1863 1404
278 2141 1863
78 2219 2141
3000 5219 2219
STP 81 ALG 7 weight 9.00 Nodes 5222 path 147
Op order: Right Left Down Up 
Solving STP Korf instance [82 of 100] using DSD weight 4.000000
1 1 0
1 2 1
1 3 2
1 4 3
1 5 4
1 6 5
1 7 6
1 8 7
1 9 8
1 10 9
11 21 10
1 22 21
1 23 22
2 25 23
1 26 25
15 41 26
5 46 41
1 47 46
1 48 47
56 104 48
1 105 104
2 107 105
4 111 107
29 140 111
24 164 140
1 165 164
2 167 165
1 168 167
2 170 168
4 174 170
4 178 174
7 185 178
4 189 185
9 198 189
1 199 198
3 202 199
8 210 202
40 250 210
1 251 250
46 297 251
1 298 297
2 300 298
156 456 300
2 458 456
1 459 458
4 463 459
2 465 463
8 473 465
27 500 473
5 505 500
6 511 505
40 551 511
5 556 551
309 865 556
1 866 865
2 868 866
3693 4561 868
2 4563 4561
STP 81 ALG 8 weight 4.00 Nodes 4565 path 101
Op order: Right Left Down Up 
Solving STP Korf instance [82 of 100] using DSD weight 5.000000
1 1 0
1 2 1
1 3 2
1 4 3
1 5 4
1 6 5
1 7 6
1 8 7
1 9 8
1 10 9
8 18 10
1 19 18
1 20 19
2 22 20
1 23 22
18 41 23
1 42 41
1 43 42
1 44 43
3 47 44
1 48 47
3 51 48
18 69 51
1 70 69
1 71 70
1 72 71
8 80 72
2 82 80
10 92 82
5 97 92
1 98 97
7 105 98
13 118 105
1 119 118
1 120 119
1 121 120
5 126 121
10 136 126
5 141 136
18 159 141
10 169 159
1 170 169
4 174 170
60 234 174
2 236 234
71 307 236
3 310 307
1 311 310
351 662 311
21 683 662
1 684 683
546 1230 684
1 1231 1230
1 1232 1231
2 1234 1232
6 1240 1234
18 1258 1240
1 1259 1258
98 1357 1259
2 1359 1357
192 1551 1359
1623 3174 1551
STP 81 ALG 8 weight 5.00 Nodes 3176 path 107
Op order: Right Left Down Up 
Solving STP Korf instance [82 of 100] using DSD weight 6.000000
1 1 0
1 2 1
1 3 2
1 4 3
1 5 4
1 6 5
1 7 6
1 8 7
1 9 8
1 10 9
11 21 10
1 22 21
1 23 22
2 25 23
1 26 25
15 41 26
1 42 41
1 43 42
1 44 43
17 61 44
8 69 61
1 70 69
1 71 70
1 72 71
8 80 72
2 82 80
10 92 82
7 99 92
1 100 99
7 107 100
9 116 107
1 117 116
1 118 117
1 119 118
3 122 119
12 134 122
5 139 134
4 143 139
21 164 143
1 165 164
4 169 165
67 236 169
2 238 236
55 293 238
3 296 293
4 300 296
337 637 300
20 657 637
7 664 657
1062 1726 664
1 1727 1726
1 1728 1727
2 1730 1728
6 1736 1730
18 1754 1736
1 1755 1754
91 1846 1755
2 1848 1846
210 2058 1848
1112 3170 2058
STP 81 ALG 8 weight 6.00 Nodes 3172 path 115
Op order: Right Left Down Up 
Solving STP Korf instance [82 of 100] using DSD weight 7.000000
1 1 0
1 2 1
1 3 2
1 4 3
1 5 4
1 6 5
1 7 6
1 8 7
1 9 8
1 10 9
8 18 10
1 19 18
1 20 19
2 22 20
1 23 22
18 41 23
1 42 41
1 43 42
1 44 43
3 47 44
1 48 47
3 51 48
18 69 51
1 70 69
1 71 70
1 72 71
8 80 72
2 82 80
10 92 82
5 97 92
1 98 97
7 105 98
8 113 105
1 114 113
1 115 114
1 116 115
3 119 116
12 131 119
5 136 131
4 140 136
21 161 140
1 162 161
5 167 162
66 233 167
42 275 233
79 354 275
3 357 354
4 361 357
35 396 361
635 1031 396
65 1096 1031
92 1188 1096
3 1191 1188
4 1195 1191
11 1206 1195
21 1227 1206
1 1228 1227
75 1303 1228
365 1668 1303
2 1670 1668
273 1943 1670
1102 3045 1943
STP 81 ALG 8 weight 7.00 Nodes 3048 path 123
Op order: Right Left Down Up 
Solving STP Korf instance [82 of 100] using DSD weight 8.000000
1 1 0
1 2 1
1 3 2
1 4 3
1 5 4
1 6 5
1 7 6
1 8 7
1 9 8
1 10 9
11 21 10
1 22 21
1 23 22
2 25 23
1 26 25
10 36 26
2 38 36
1 39 38
1 40 39
21 61 40
8 69 61
1 70 69
1 71 70
1 72 71
8 80 72
2 82 80
10 92 82
5 97 92
1 98 97
7 105 98
13 118 105
1 119 118
1 120 119
1 121 120
3 124 121
12 136 124
5 141 136
4 145 141
21 166 145
1 167 166
4 171 167
58 229 171
2 231 229
90 321 231
3 324 321
1 325 324
109 434 325
447 881 434
4 885 881
34 919 885
62 981 919
2 983 981
10 993 983
13 1006 993
26 1032 1006
1 1033 1032
88 1121 1033
2 1123 1121
300 1423 1123
1268 2691 1423
STP 81 ALG 8 weight 8.00 Nodes 2693 path 115
Op order: Right Left Down Up 
Solving STP Korf instance [82 of 100] using DSD weight 9.000000
1 1 0
1 2 1
1 3 2
1 4 3
1 5 4
1 6 5
1 7 6
1 8 7
1 9 8
1 10 9
8 18 10
1 19 18
1 20 19
2 22 20
1 23 22
13 36 23
5 41 36
1 42 41
1 43 42
3 46 43
1 47 46
3 50 47
17 67 50
1 68 67
1 69 68
1 70 69
8 78 70
2 80 78
10 90 80
2 92 90
1 93 92
7 100 93
7 107 100
1 108 107
1 109 108
1 110 109
3 113 110
12 125 113
5 130 125
4 134 130
24 158 134
2 160 158
6 166 160
76 242 166
2 244 242
64 308 244
3 311 308
1 312 311
114 426 312
417 843 426
5 848 843
38 886 848
42 928 886
2 930 928
10 940 930
13 953 940
23 976 953
11 987 976
68 1055 987
2 1057 1055
297 1354 1057
1389 2743 1354
STP 81 ALG 8 weight 9.00 Nodes 2745 path 113
Op order: Right Left Down Up 
Solving STP Korf instance [83 of 100] using DSD weight 4.000000
1 1 0
1 2 1
1 3 2
1 4 3
1 5 4
1 6 5
1 7 6
1 8 7
1 9 8
1 10 9
1 11 10
4 15 11
1 16 15
1 17 16
2 19 17
8 27 19
3 30 27
2 32 30
1 33 32
2 35 33
5 40 35
2 42 40
13 55 42
3 58 55
38 96 58
9 105 96
1 106 105
2 108 106
6 114 108
7 121 114
16 137 121
36 173 137
21 194 173
6 200 194
15 215 200
2 217 215
6 223 217
32 255 223
36 291 255
1 292 291
1 293 292
62 355 293
2 357 355
1 358 357
1 359 358
26 385 359
623 1008 385
65 1073 1008
1 1074 1073
STP 82 ALG 0 weight 4.00 Nodes 1076 path 74
Op order: Right Left Down Up 
Solving STP Korf instance [83 of 100] using DSD weight 5.000000
1 1 0
1 2 1
1 3 2
1 4 3
1 5 4
1 6 5
1 7 6
1 8 7
1 9 8
1 10 9
1 11 10
4 15 11
1 16 15
1 17 16
2 19 17
8 27 19
3 30 27
2 32 30
1 33 32
2 35 33
5 40 35
2 42 40
13 55 42
3 58 55
15 73 58
36 109 73
3 112 109
3 115 112
1 116 115
3 119 116
3 122 119
3 125 122
1 126 125
2 128 126
3 131 128
1 132 131
55 187 132
6 193 187
2 195 193
70 265 195
13 278 265
1 279 278
4 283 279
181 464 283
61 525 464
1 526 525
1 527 526
26 553 527
1636 2189 553
2 2191 2189
STP 82 ALG 0 weight 5.00 Nodes 2193 path 90
Op order: Right Left Down Up 
Solving STP Korf instance [83 of 100] using DSD weight 6.000000
1 1 0
1 2 1
1 3 2
1 4 3
1 5 4
1 6 5
1 7 6
1 8 7
1 9 8
1 10 9
1 11 10
4 15 11
1 16 15
1 17 16
2 19 17
8 27 19
3 30 27
2 32 30
1 33 32
2 35 33
5 40 35
2 42 40
13 55 42
3 58 55
15 73 58
36 109 73
3 112 109
3 115 112
1 116 115
3 119 116
3 122 119
3 125 122
1 126 125
2 128 126
3 131 128
1 132 131
43 175 132
13 188 175
2 190 188
61 251 190
19 270 251
1 271 270
4 275 271
179 454 275
55 509 454
1 510 509
1 511 510
26 537 511
2048 2585 537
2 2587 2585
STP 82 ALG 0 weight 6.00 Nodes 2589 path 90
Op order: Right Left Down Up 
Solving STP Korf instance [83 of 100] using DSD weight 7.000000
1 1 0
1 2 1
1 3 2
1 4 3
1 5 4
1 6 5
1 7 6
1 8 7
1 9 8
1 10 9
1 11 10
4 15 11
1 16 15
1 17 16
2 19 17
8 27 19
3 30 27
2 32 30
1 33 32
2 35 33
5 40 35
2 42 40
13 55 42
3 58 55
15 73 58
32 105 73
3 108 105
3 111 108
1 112 111
3 115 112
3 118 115
3 121 118
1 122 121
2 124 122
3 127 124
1 128 127
38 166 128
6 172 166
2 174 172
64 238 174
67 305 238
35 340 305
4 344 340
123 467 344
67 534 467
1 535 534
1 536 535
27 563 536
2740 3303 563
697 4000 3303
STP 82 ALG 0 weight 7.00 Nodes 4002 path 106
Op order: Right Left Down Up 
Solving STP Korf instance [83 of 100] using DSD weight 8.000000
1 1 0
1 2 1
1 3 2
1 4 3
1 5 4
1 6 5
1 7 6
1 8 7
1 9 8
1 10 9
1 11 10
4 15 11
1 16 15
1 17 16
2 19 17
8 27 19
3 30 27
2 32 30
1 33 32
2 35 33
5 40 35
2 42 40
13 55 42
3 58 55
15 73 58
32 105 73
3 108 105
3 111 108
1 112 111
3 115 112
3 118 115
3 121 118
1 122 121
2 124 122
3 127 124
1 128 127
38 166 128
6 172 166
2 174 172
64 238 174
67 305 238
39 344 305
4 348 344
123 471 348
134 605 471
1 606 605
1 607 606
26 633 607
2391 3024 633
64 3088 3024
STP 82 ALG 0 weight 8.00 Nodes 3090 path 106
Op order: Right Left Down Up 
Solving STP Korf instance [83 of 100] using DSD weight 9.000000
1 1 0
1 2 1
1 3 2
1 4 3
1 5 4
1 6 5
1 7 6
1 8 7
1 9 8
1 10 9
1 11 10
4 15 11
1 16 15
1 17 16
2 19 17
8 27 19
3 30 27
2 32 30
1 33 32
2 35 33
5 40 35
2 42 40
13 55 42
3 58 55
15 73 58
32 105 73
3 108 105
3 111 108
1 112 111
3 115 112
3 118 115
3 121 118
1 122 121
2 124 122
3 127 124
1 128 127
42 170 128
6 176 170
2 178 176
47 225 178
87 312 225
76 388 312
6 394 388
1 395 394
40 435 395
444 879 435
59 938 879
1 939 938
1232 2171 939
1544 3715 2171
STP 82 ALG 0 weight 9.00 Nodes 3718 path 124
Op order: Right Left Down Up 
Solving STP Korf instance [83 of 100] using DSD weight 4.000000
1 1 0
1 2 1
1 3 2
3 6 3
1 7 6
1 8 7
1 9 8
4 13 9
1 14 13
1 15 14
1 16 15
1 17 16
4 21 17
1 22 21
1 23 22
4 27 23
70 97 27
3 100 97
2 102 100
1 103 102
330 433 103
37 470 433
5 475 470
43 518 475
8 526 518
2 528 526
1 529 528
2 531 529
3 534 531
17 551 534
11 562 551
37 599 562
1 600 599
2 602 600
21 623 602
3 626 623
4 630 626
1 631 630
2 633 631
13 646 633
39 685 646
1 686 685
26 712 686
386 1098 712
1 1099 1098
1 1100 1099
116 1216 1100
1 1217 1216
STP 82 ALG 1 weight 4.00 Nodes 1219 path 82
Op order: Right Left Down Up 
Solving STP Korf instance [83 of 100] using DSD weight 5.000000
1 1 0
1 2 1
1 3 2
3 6 3
1 7 6
1 8 7
1 9 8
4 13 9
1 14 13
1 15 14
1 16 15
1 17 16
4 21 17
1 22 21
1 23 22
4 27 23
70 97 27
3 100 97
2 102 100
1 103 102
330 433 103
37 470 433
5 475 470
12 487 475
52 539 487
3 542 539
2 544 542
3 547 544
35 582 547
34 616 582
3 619 616
17 636 619
6 642 636
31 673 642
9 682 673
2 684 682
22 706 684
3 709 706
4 713 709
1 714 713
2 716 714
13 729 716
25 754 729
8 762 754
1 763 762
52 815 763
531 1346 815
260 1606 1346
1 1607 1606
103 1710 1607
2 1712 1710
STP 82 ALG 1 weight 5.00 Nodes 1714 path 100
Op order: Right Left Down Up 
Solving STP Korf instance [83 of 100] using DSD weight 6.000000
1 1 0
1 2 1
1 3 2
3 6 3
1 7 6
1 8 7
1 9 8
4 13 9
1 14 13
1 15 14
1 16 15
1 17 16
4 21 17
1 22 21
1 23 22
4 27 23
70 97 27
3 100 97
2 102 100
1 103 102
330 433 103
37 470 433
5 475 470
12 487 475
52 539 487
3 542 539
2 544 542
3 547 544
35 582 547
34 616 582
3 619 616
17 636 619
6 642 636
31 673 642
9 682 673
2 684 682
22 706 684
3 709 706
4 713 709
1 714 713
2 716 714
13 729 716
25 754 729
8 762 754
1 763 762
50 813 763
330 1143 813
280 1423 1143
1 1424 1423
106 1530 1424
2 1532 1530
STP 82 ALG 1 weight 6.00 Nodes 1534 path 96
Op order: Right Left Down Up 
Solving STP Korf instance [83 of 100] using DSD weight 7.000000
1 1 0
1 2 1
1 3 2
3 6 3
1 7 6
1 8 7
1 9 8
4 13 9
1 14 13
1 15 14
1 16 15
1 17 16
4 21 17
1 22 21
1 23 22
4 27 23
70 97 27
3 100 97
2 102 100
1 103 102
330 433 103
37 470 433
5 475 470
12 487 475
52 539 487
3 542 539
2 544 542
3 547 544
35 582 547
34 616 582
3 619 616
17 636 619
6 642 636
31 673 642
9 682 673
2 684 682
22 706 684
3 709 706
4 713 709
1 714 713
2 716 714
13 729 716
25 754 729
8 762 754
1 763 762
50 813 763
216 1029 813
367 1396 1029
1 1397 1396
110 1507 1397
2 1509 1507
STP 82 ALG 1 weight 7.00 Nodes 1511 path 96
Op order: Right Left Down Up 
Solving STP Korf instance [83 of 100] using DSD weight 8.000000
1 1 0
1 2 1
1 3 2
3 6 3
1 7 6
1 8 7
1 9 8
4 13 9
1 14 13
1 15 14
1 16 15
1 17 16
4 21 17
1 22 21
1 23 22
4 27 23
70 97 27
3 100 97
2 102 100
1 103 102
330 433 103
37 470 433
5 475 470
12 487 475
13 500 487
61 561 500
1 562 561
2 564 562
4 568 564
5 573 568
3 576 573
5 581 576
4 585 581
47 632 585
4 636 632
93 729 636
2 731 729
4 735 731
11 746 735
12 758 746
84 842 758
161 1003 842
35 1038 1003
2 1040 1038
8 1048 1040
18 1066 1048
22 1088 1066
311 1399 1088
2 1401 1399
102 1503 1401
87 1590 1503
4 1594 1590
86 1680 1594
STP 82 ALG 1 weight 8.00 Nodes 1683 path 126
Op order: Right Left Down Up 
Solving STP Korf instance [83 of 100] using DSD weight 9.000000
1 1 0
1 2 1
1 3 2
3 6 3
1 7 6
1 8 7
1 9 8
4 13 9
1 14 13
1 15 14
1 16 15
1 17 16
4 21 17
1 22 21
1 23 22
4 27 23
70 97 27
3 100 97
2 102 100
1 103 102
330 433 103
37 470 433
5 475 470
12 487 475
13 500 487
25 525 500
82 607 525
1 608 607
2 610 608
4 614 610
5 619 614
3 622 619
5 627 622
4 631 627
67 698 631
4 702 698
81 783 702
2 785 783
4 789 785
11 800 789
12 812 800
57 869 812
173 1042 869
1 1043 1042
2 1045 1043
8 1053 1045
18 1071 1053
17 1088 1071
327 1415 1088
2 1417 1415
89 1506 1417
127 1633 1506
4 1637 1633
95 1732 1637
STP 82 ALG 1 weight 9.00 Nodes 1735 path 126
Op order: Right Left Down Up 
Solving STP Korf instance [83 of 100] using DSD weight 4.000000
1 1 0
1 2 1
1 3 2
1 4 3
1 5 4
1 6 5
1 7 6
1 8 7
1 9 8
1 10 9
1 11 10
4 15 11
1 16 15
1 17 16
2 19 17
8 27 19
3 30 27
2 32 30
1 33 32
2 35 33
5 40 35
2 42 40
13 55 42
3 58 55
15 73 58
32 105 73
3 108 105
3 111 108
1 112 111
3 115 112
3 118 115
3 121 118
1 122 121
2 124 122
3 127 124
1 128 127
38 166 128
6 172 166
2 174 172
64 238 174
67 305 238
35 340 305
4 344 340
179 523 344
17 540 523
1 541 540
1 542 541
3496 4038 542
11926 15964 4038
1 15965 15964
STP 82 ALG 2 weight 4.00 Nodes 15967 path 86
Op order: Right Left Down Up 
Solving STP Korf instance [83 of 100] using DSD weight 5.000000
1 1 0
1 2 1
1 3 2
1 4 3
1 5 4
1 6 5
1 7 6
1 8 7
1 9 8
1 10 9
1 11 10
4 15 11
1 16 15
1 17 16
2 19 17
8 27 19
3 30 27
2 32 30
1 33 32
2 35 33
5 40 35
2 42 40
13 55 42
3 58 55
15 73 58
32 105 73
3 108 105
3 111 108
1 112 111
3 115 112
3 118 115
3 121 118
1 122 121
2 124 122
3 127 124
1 128 127
42 170 128
34 204 170
2 206 204
47 253 206
48 301 253
116 417 301
6 423 417
1 424 423
49 473 424
436 909 473
36 945 909
1 946 945
3645 4591 946
1 4592 4591
STP 82 ALG 2 weight 5.00 Nodes 4594 path 86
Op order: Right Left Down Up 
Solving STP Korf instance [83 of 100] using DSD weight 6.000000
1 1 0
1 2 1
1 3 2
1 4 3
1 5 4
1 6 5
1 7 6
1 8 7
1 9 8
1 10 9
1 11 10
4 15 11
1 16 15
1 17 16
2 19 17
8 27 19
3 30 27
2 32 30
1 33 32
2 35 33
5 40 35
2 42 40
13 55 42
3 58 55
15 73 58
32 105 73
3 108 105
3 111 108
1 112 111
3 115 112
3 118 115
3 121 118
1 122 121
2 124 122
3 127 124
1 128 127
42 170 128
6 176 170
2 178 176
47 225 178
87 312 225
76 388 312
6 394 388
1 395 394
40 435 395
579 1014 435
66 1080 1014
1 1081 1080
8010 9091 1081
2 9093 9091
STP 82 ALG 2 weight 6.00 Nodes 9095 path 92
Op order: Right Left Down Up 
Solving STP Korf instance [83 of 100] using DSD weight 7.000000
1 1 0
1 2 1
1 3 2
1 4 3
1 5 4
1 6 5
1 7 6
1 8 7
1 9 8
1 10 9
1 11 10
4 15 11
1 16 15
1 17 16
2 19 17
8 27 19
3 30 27
2 32 30
1 33 32
2 35 33
5 40 35
2 42 40
13 55 42
3 58 55
15 73 58
32 105 73
3 108 105
3 111 108
1 112 111
3 115 112
3 118 115
3 121 118
1 122 121
2 124 122
3 127 124
1 128 127
17 145 128
44 189 145
2 191 189
50 241 191
74 315 241
70 385 315
6 391 385
1 392 391
48 440 392
652 1092 440
70 1162 1092
1 1163 1162
5398 6561 1163
383 6944 6561
STP 82 ALG 2 weight 7.00 Nodes 6946 path 116
Op order: Right Left Down Up 
Solving STP Korf instance [83 of 100] using DSD weight 8.000000
1 1 0
1 2 1
1 3 2
1 4 3
1 5 4
1 6 5
1 7 6
1 8 7
1 9 8
1 10 9
1 11 10
4 15 11
1 16 15
1 17 16
2 19 17
8 27 19
3 30 27
2 32 30
1 33 32
2 35 33
5 40 35
2 42 40
13 55 42
3 58 55
15 73 58
32 105 73
3 108 105
3 111 108
1 112 111
3 115 112
3 118 115
3 121 118
1 122 121
2 124 122
3 127 124
1 128 127
12 140 128
42 182 140
28 210 182
59 269 210
53 322 269
84 406 322
6 412 406
1 413 412
40 453 413
657 1110 453
216 1326 1110
1 1327 1326
3701 5028 1327
18 5046 5028
STP 82 ALG 2 weight 8.00 Nodes 5065 path 120
Op order: Right Left Down Up 
Solving STP Korf instance [83 of 100] using DSD weight 9.000000
1 1 0
1 2 1
1 3 2
1 4 3
1 5 4
1 6 5
1 7 6
1 8 7
1 9 8
1 10 9
1 11 10
4 15 11
1 16 15
1 17 16
2 19 17
8 27 19
3 30 27
2 32 30
1 33 32
2 35 33
5 40 35
2 42 40
13 55 42
3 58 55
15 73 58
32 105 73
3 108 105
3 111 108
1 112 111
3 115 112
3 118 115
3 121 118
1 122 121
2 124 122
3 127 124
1 128 127
12 140 128
42 182 140
28 210 182
59 269 210
53 322 269
84 406 322
6 412 406
1 413 412
40 453 413
480 933 453
467 1400 933
1 1401 1400
547 1948 1401
1327 3275 1948
STP 82 ALG 2 weight 9.00 Nodes 3278 path 120
Op order: Right Left Down Up 
Solving STP Korf instance [83 of 100] using DSD weight 4.000000
1 1 0
1 2 1
1 3 2
1 4 3
1 5 4
1 6 5
1 7 6
1 8 7
2 10 8
1 11 10
1 12 11
4 16 12
1 17 16
1 18 17
9 27 18
70 97 27
28 125 97
2 127 125
8 135 127
291 426 135
128 554 426
9 563 554
1 564 563
1 565 564
2 567 565
1 568 567
2 570 568
3 573 570
17 590 573
11 601 590
36 637 601
1 638 637
2 640 638
21 661 640
3 664 661
4 668 664
1 669 668
2 671 669
12 683 671
43 726 683
5 731 726
1 732 731
52 784 732
452 1236 784
1 1237 1236
1 1238 1237
116 1354 1238
1 1355 1354
STP 82 ALG 3 weight 4.00 Nodes 1357 path 82
Op order: Right Left Down Up 
Solving STP Korf instance [83 of 100] using DSD weight 5.000000
1 1 0
1 2 1
1 3 2
1 4 3
1 5 4
1 6 5
1 7 6
1 8 7
1 9 8
1 10 9
1 11 10
4 15 11
1 16 15
1 17 16
10 27 17
70 97 27
1 98 97
1 99 98
337 436 99
620 1056 436
27 1083 1056
1 1084 1083
1 1085 1084
2 1087 1085
1 1088 1087
2 1090 1088
3 1093 1090
17 1110 1093
6 1116 1110
17 1133 1116
18 1151 1133
2 1153 1151
21 1174 1153
3 1177 1174
4 1181 1177
1 1182 1181
2 1184 1182
14 1198 1184
29 1227 1198
1 1228 1227
25 1253 1228
307 1560 1253
1 1561 1560
2 1563 1561
91 1654 1563
2 1656 1654
STP 82 ALG 3 weight 5.00 Nodes 1658 path 92
Op order: Right Left Down Up 
Solving STP Korf instance [83 of 100] using DSD weight 6.000000
1 1 0
1 2 1
2 4 2
2 6 4
1 7 6
1 8 7
1 9 8
1 10 9
1 11 10
1 12 11
1 13 12
4 17 13
1 18 17
1 19 18
10 29 19
70 99 29
1 100 99
363 463 100
1 464 463
1506 1970 464
11 1981 1970
1 1982 1981
1 1983 1982
2 1985 1983
1 1986 1985
2 1988 1986
3 1991 1988
17 2008 1991
6 2014 2008
17 2031 2014
24 2055 2031
2 2057 2055
21 2078 2057
3 2081 2078
4 2085 2081
1 2086 2085
2 2088 2086
13 2101 2088
32 2133 2101
4 2137 2133
1 2138 2137
51 2189 2138
323 2512 2189
230 2742 2512
1 2743 2742
106 2849 2743
2 2851 2849
STP 82 ALG 3 weight 6.00 Nodes 2853 path 96
Op order: Right Left Down Up 
Solving STP Korf instance [83 of 100] using DSD weight 7.000000
1 1 0
1 2 1
2 4 2
2 6 4
1 7 6
1 8 7
1 9 8
1 10 9
1 11 10
1 12 11
9 21 12
1 22 21
1 23 22
1 24 23
48 72 24
27 99 72
1 100 99
1 101 100
296 397 101
73 470 397
12 482 470
1 483 482
1 484 483
2 486 484
1 487 486
2 489 487
3 492 489
17 509 492
6 515 509
22 537 515
11 548 537
2 550 548
19 569 550
3 572 569
4 576 572
1 577 576
2 579 577
13 592 579
28 620 592
6 626 620
1 627 626
50 677 627
215 892 677
357 1249 892
1 1250 1249
115 1365 1250
2 1367 1365
STP 82 ALG 3 weight 7.00 Nodes 1369 path 100
Op order: Right Left Down Up 
Solving STP Korf instance [83 of 100] using DSD weight 8.000000
1 1 0
1 2 1
1 3 2
1 4 3
1 5 4
1 6 5
1 7 6
2 9 7
8 17 9
1 18 17
1 19 18
4 23 19
1 24 23
1 25 24
6 31 25
66 97 31
1 98 97
1 99 98
349 448 99
22 470 448
31 501 470
1 502 501
1 503 502
2 505 503
1 506 505
2 508 506
3 511 508
17 528 511
6 534 528
17 551 534
1 552 551
2 554 552
31 585 554
3 588 585
4 592 588
1 593 592
2 595 593
13 608 595
28 636 608
6 642 636
1 643 642
50 693 643
216 909 693
340 1249 909
1 1250 1249
109 1359 1250
2 1361 1359
STP 82 ALG 3 weight 8.00 Nodes 1363 path 96
Op order: Right Left Down Up 
Solving STP Korf instance [83 of 100] using DSD weight 9.000000
1 1 0
1 2 1
1 3 2
1 4 3
1 5 4
1 6 5
1 7 6
1 8 7
1 9 8
1 10 9
1 11 10
4 15 11
1 16 15
1 17 16
10 27 17
70 97 27
1 98 97
1 99 98
337 436 99
34 470 436
27 497 470
1 498 497
1 499 498
2 501 499
1 502 501
2 504 502
3 507 504
17 524 507
6 530 524
29 559 530
14 573 559
2 575 573
20 595 575
3 598 595
4 602 598
1 603 602
2 605 603
13 618 605
27 645 618
1 646 645
25 671 646
142 813 671
47 860 813
2 862 860
112 974 862
2 976 974
STP 82 ALG 3 weight 9.00 Nodes 978 path 96
Op order: Right Left Down Up 
Solving STP Korf instance [83 of 100] using DSD weight 4.000000
1 1 0
1 2 1
1 3 2
1 4 3
1 5 4
1 6 5
1 7 6
1 8 7
1 9 8
1 10 9
1 11 10
4 15 11
1 16 15
1 17 16
10 27 17
70 97 27
4 101 97
1 102 101
319 421 102
49 470 421
25 495 470
13 508 495
1 509 508
2 511 509
1 512 511
2 514 512
3 517 514
17 534 517
11 545 534
34 579 545
1 580 579
2 582 580
22 604 582
3 607 604
4 611 607
1 612 611
2 614 612
15 629 614
39 668 629
4 672 668
1 673 672
25 698 673
420 1118 698
1 1119 1118
1 1120 1119
116 1236 1120
1 1237 1236
STP 82 ALG 4 weight 4.00 Nodes 1239 path 82
Op order: Right Left Down Up 
Solving STP Korf instance [83 of 100] using DSD weight 5.000000
1 1 0
1 2 1
1 3 2
1 4 3
1 5 4
1 6 5
1 7 6
1 8 7
1 9 8
1 10 9
1 11 10
4 15 11
1 16 15
1 17 16
10 27 17
70 97 27
1 98 97
1 99 98
329 428 99
42 470 428
26 496 470
1 497 496
1 498 497
2 500 498
1 501 500
2 503 501
3 506 503
17 523 506
6 529 523
23 552 529
11 563 552
2 565 563
22 587 565
3 590 587
4 594 590
1 595 594
2 597 595
15 612 597
24 636 612
5 641 636
1 642 641
25 667 642
366 1033 667
1 1034 1033
2 1036 1034
101 1137 1036
2 1139 1137
STP 82 ALG 4 weight 5.00 Nodes 1141 path 96
Op order: Right Left Down Up 
Solving STP Korf instance [83 of 100] using DSD weight 6.000000
1 1 0
1 2 1
2 4 2
2 6 4
1 7 6
1 8 7
1 9 8
1 10 9
1 11 10
1 12 11
1 13 12
4 17 13
1 18 17
1 19 18
8 27 19
70 97 27
1 98 97
1 99 98
347 446 99
109 555 446
8 563 555
6 569 563
1 570 569
2 572 570
1 573 572
2 575 573
3 578 575
17 595 578
6 601 595
20 621 601
15 636 621
2 638 636
28 666 638
3 669 666
4 673 669
1 674 673
2 676 674
13 689 676
24 713 689
9 722 713
1 723 722
28 751 723
174 925 751
1 926 925
2 928 926
97 1025 928
2 1027 1025
STP 82 ALG 4 weight 6.00 Nodes 1029 path 92
Op order: Right Left Down Up 
Solving STP Korf instance [83 of 100] using DSD weight 7.000000
1 1 0
1 2 1
2 4 2
2 6 4
1 7 6
1 8 7
1 9 8
1 10 9
1 11 10
1 12 11
3 15 12
2 17 15
1 18 17
1 19 18
8 27 19
70 97 27
2 99 97
1 100 99
343 443 100
65 508 443
29 537 508
1 538 537
1 539 538
2 541 539
1 542 541
2 544 542
3 547 544
17 564 547
6 570 564
20 590 570
9 599 590
2 601 599
22 623 601
3 626 623
4 630 626
1 631 630
2 633 631
13 646 633
29 675 646
5 680 675
1 681 680
25 706 681
167 873 706
14 887 873
2 889 887
110 999 889
2 1001 999
STP 82 ALG 4 weight 7.00 Nodes 1003 path 92
Op order: Right Left Down Up 
Solving STP Korf instance [83 of 100] using DSD weight 8.000000
1 1 0
1 2 1
1 3 2
1 4 3
1 5 4
1 6 5
1 7 6
1 8 7
1 9 8
1 10 9
1 11 10
4 15 11
1 16 15
2 18 16
9 27 18
70 97 27
1 98 97
1 99 98
335 434 99
36 470 434
25 495 470
7 502 495
1 503 502
2 505 503
1 506 505
2 508 506
3 511 508
17 528 511
6 534 528
22 556 534
1 557 556
2 559 557
22 581 559
3 584 581
4 588 584
1 589 588
2 591 589
13 604 591
28 632 604
3 635 632
1 636 635
25 661 636
141 802 661
44 846 802
2 848 846
111 959 848
2 961 959
STP 82 ALG 4 weight 8.00 Nodes 963 path 92
Op order: Right Left Down Up 
Solving STP Korf instance [83 of 100] using DSD weight 9.000000
1 1 0
1 2 1
1 3 2
1 4 3
1 5 4
1 6 5
1 7 6
1 8 7
1 9 8
1 10 9
1 11 10
4 15 11
1 16 15
1 17 16
10 27 17
70 97 27
1 98 97
1 99 98
335 434 99
36 470 434
23 493 470
8 501 493
1 502 501
2 504 502
1 505 504
2 507 505
3 510 507
17 527 510
6 533 527
17 550 533
1 551 550
2 553 551
22 575 553
3 578 575
4 582 578
1 583 582
2 585 583
13 598 585
29 627 598
1 628 627
25 653 628
141 794 653
44 838 794
2 840 838
112 952 840
2 954 952
STP 82 ALG 4 weight 9.00 Nodes 956 path 92
Op order: Right Left Down Up 
Solving STP Korf instance [83 of 100] using DSD weight 4.000000
1 1 0
1 2 1
1 3 2
1 4 3
1 5 4
1 6 5
1 7 6
1 8 7
1 9 8
1 10 9
1 11 10
4 15 11
1 16 15
1 17 16
10 27 17
70 97 27
1 98 97
1 99 98
337 436 99
34 470 436
27 497 470
1 498 497
1 499 498
2 501 499
1 502 501
2 504 502
3 507 504
17 524 507
11 535 524
34 569 535
1 570 569
2 572 570
20 592 572
3 595 592
4 599 595
1 600 599
2 602 600
13 615 602
40 655 615
5 660 655
1 661 660
52 713 661
462 1175 713
1 1176 1175
1 1177 1176
117 1294 1177
1 1295 1294
STP 82 ALG 5 weight 4.00 Nodes 1297 path 82
Op order: Right Left Down Up 
Solving STP Korf instance [83 of 100] using DSD weight 5.000000
1 1 0
1 2 1
1 3 2
1 4 3
1 5 4
1 6 5
1 7 6
1 8 7
1 9 8
1 10 9
1 11 10
4 15 11
1 16 15
1 17 16
10 27 17
70 97 27
1 98 97
1 99 98
337 436 99
620 1056 436
27 1083 1056
1 1084 1083
1 1085 1084
2 1087 1085
1 1088 1087
2 1090 1088
3 1093 1090
17 1110 1093
6 1116 1110
17 1133 1116
18 1151 1133
2 1153 1151
21 1174 1153
3 1177 1174
4 1181 1177
1 1182 1181
2 1184 1182
14 1198 1184
29 1227 1198
1 1228 1227
25 1253 1228
307 1560 1253
1 1561 1560
2 1563 1561
91 1654 1563
2 1656 1654
STP 82 ALG 5 weight 5.00 Nodes 1658 path 92
Op order: Right Left Down Up 
Solving STP Korf instance [83 of 100] using DSD weight 6.000000
1 1 0
1 2 1
2 4 2
2 6 4
1 7 6
1 8 7
1 9 8
1 10 9
1 11 10
1 12 11
1 13 12
4 17 13
1 18 17
1 19 18
10 29 19
70 99 29
1 100 99
363 463 100
1 464 463
1506 1970 464
11 1981 1970
1 1982 1981
1 1983 1982
2 1985 1983
1 1986 1985
2 1988 1986
3 1991 1988
17 2008 1991
6 2014 2008
17 2031 2014
24 2055 2031
2 2057 2055
21 2078 2057
3 2081 2078
4 2085 2081
1 2086 2085
2 2088 2086
13 2101 2088
32 2133 2101
4 2137 2133
1 2138 2137
51 2189 2138
323 2512 2189
230 2742 2512
1 2743 2742
106 2849 2743
2 2851 2849
STP 82 ALG 5 weight 6.00 Nodes 2853 path 96
Op order: Right Left Down Up 
Solving STP Korf instance [83 of 100] using DSD weight 7.000000
1 1 0
1 2 1
2 4 2
2 6 4
1 7 6
1 8 7
1 9 8
1 10 9
1 11 10
1 12 11
9 21 12
1 22 21
1 23 22
1 24 23
48 72 24
27 99 72
1 100 99
1 101 100
296 397 101
73 470 397
12 482 470
1 483 482
1 484 483
2 486 484
1 487 486
2 489 487
3 492 489
17 509 492
6 515 509
22 537 515
11 548 537
2 550 548
19 569 550
3 572 569
4 576 572
1 577 576
2 579 577
13 592 579
28 620 592
6 626 620
1 627 626
50 677 627
215 892 677
357 1249 892
1 1250 1249
115 1365 1250
2 1367 1365
STP 82 ALG 5 weight 7.00 Nodes 1369 path 100
Op order: Right Left Down Up 
Solving STP Korf instance [83 of 100] using DSD weight 8.000000
1 1 0
1 2 1
1 3 2
1 4 3
1 5 4
1 6 5
1 7 6
2 9 7
8 17 9
1 18 17
1 19 18
4 23 19
1 24 23
1 25 24
6 31 25
66 97 31
1 98 97
1 99 98
349 448 99
22 470 448
31 501 470
1 502 501
1 503 502
2 505 503
1 506 505
2 508 506
3 511 508
17 528 511
6 534 528
17 551 534
1 552 551
2 554 552
31 585 554
3 588 585
4 592 588
1 593 592
2 595 593
13 608 595
28 636 608
6 642 636
1 643 642
50 693 643
216 909 693
340 1249 909
1 1250 1249
109 1359 1250
2 1361 1359
STP 82 ALG 5 weight 8.00 Nodes 1363 path 96
Op order: Right Left Down Up 
Solving STP Korf instance [83 of 100] using DSD weight 9.000000
1 1 0
1 2 1
1 3 2
1 4 3
1 5 4
1 6 5
1 7 6
1 8 7
1 9 8
1 10 9
1 11 10
4 15 11
1 16 15
1 17 16
10 27 17
70 97 27
1 98 97
1 99 98
337 436 99
34 470 436
27 497 470
1 498 497
1 499 498
2 501 499
1 502 501
2 504 502
3 507 504
17 524 507
6 530 524
29 559 530
14 573 559
2 575 573
20 595 575
3 598 595
4 602 598
1 603 602
2 605 603
13 618 605
27 645 618
1 646 645
25 671 646
142 813 671
47 860 813
2 862 860
112 974 862
2 976 974
STP 82 ALG 5 weight 9.00 Nodes 978 path 96
Op order: Right Left Down Up 
Solving STP Korf instance [83 of 100] using DSD weight 4.000000
1 1 0
1 2 1
1 3 2
1 4 3
1 5 4
1 6 5
1 7 6
1 8 7
1 9 8
1 10 9
1 11 10
4 15 11
1 16 15
1 17 16
2 19 17
8 27 19
3 30 27
2 32 30
1 33 32
2 35 33
5 40 35
2 42 40
13 55 42
3 58 55
38 96 58
9 105 96
1 106 105
2 108 106
6 114 108
7 121 114
16 137 121
36 173 137
21 194 173
6 200 194
15 215 200
2 217 215
6 223 217
32 255 223
36 291 255
1 292 291
1 293 292
62 355 293
2 357 355
1 358 357
1 359 358
26 385 359
782 1167 385
49 1216 1167
1 1217 1216
STP 82 ALG 6 weight 4.00 Nodes 1219 path 74
Op order: Right Left Down Up 
Solving STP Korf instance [83 of 100] using DSD weight 5.000000
1 1 0
1 2 1
1 3 2
1 4 3
1 5 4
1 6 5
1 7 6
1 8 7
1 9 8
1 10 9
1 11 10
4 15 11
1 16 15
1 17 16
2 19 17
8 27 19
3 30 27
2 32 30
1 33 32
2 35 33
5 40 35
2 42 40
13 55 42
3 58 55
15 73 58
36 109 73
3 112 109
3 115 112
1 116 115
3 119 116
3 122 119
3 125 122
1 126 125
2 128 126
3 131 128
1 132 131
55 187 132
6 193 187
2 195 193
70 265 195
13 278 265
1 279 278
4 283 279
181 464 283
61 525 464
1 526 525
1 527 526
26 553 527
1830 2383 553
2 2385 2383
STP 82 ALG 6 weight 5.00 Nodes 2388 path 90
Op order: Right Left Down Up 
Solving STP Korf instance [83 of 100] using DSD weight 6.000000
1 1 0
1 2 1
1 3 2
1 4 3
1 5 4
1 6 5
1 7 6
1 8 7
1 9 8
1 10 9
1 11 10
4 15 11
1 16 15
1 17 16
2 19 17
8 27 19
3 30 27
2 32 30
1 33 32
2 35 33
5 40 35
2 42 40
13 55 42
3 58 55
15 73 58
36 109 73
3 112 109
3 115 112
1 116 115
3 119 116
3 122 119
3 125 122
1 126 125
2 128 126
3 131 128
1 132 131
43 175 132
13 188 175
2 190 188
61 251 190
19 270 251
1 271 270
4 275 271
179 454 275
55 509 454
1 510 509
1 511 510
26 537 511
2424 2961 537
2 2963 2961
STP 82 ALG 6 weight 6.00 Nodes 2965 path 90
Op order: Right Left Down Up 
Solving STP Korf instance [83 of 100] using DSD weight 7.000000
1 1 0
1 2 1
1 3 2
1 4 3
1 5 4
1 6 5
1 7 6
1 8 7
1 9 8
1 10 9
1 11 10
4 15 11
1 16 15
1 17 16
2 19 17
8 27 19
3 30 27
2 32 30
1 33 32
2 35 33
5 40 35
2 42 40
13 55 42
3 58 55
15 73 58
32 105 73
3 108 105
3 111 108
1 112 111
3 115 112
3 118 115
3 121 118
1 122 121
2 124 122
3 127 124
1 128 127
38 166 128
6 172 166
2 174 172
64 238 174
67 305 238
35 340 305
4 344 340
123 467 344
67 534 467
1 535 534
1 536 535
27 563 536
2531 3094 563
68 3162 3094
STP 82 ALG 6 weight 7.00 Nodes 3164 path 106
Op order: Right Left Down Up 
Solving STP Korf instance [83 of 100] using DSD weight 8.000000
1 1 0
1 2 1
1 3 2
1 4 3
1 5 4
1 6 5
1 7 6
1 8 7
1 9 8
1 10 9
1 11 10
4 15 11
1 16 15
1 17 16
2 19 17
8 27 19
3 30 27
2 32 30
1 33 32
2 35 33
5 40 35
2 42 40
13 55 42
3 58 55
15 73 58
32 105 73
3 108 105
3 111 108
1 112 111
3 115 112
3 118 115
3 121 118
1 122 121
2 124 122
3 127 124
1 128 127
38 166 128
6 172 166
2 174 172
64 238 174
67 305 238
39 344 305
4 348 344
123 471 348
134 605 471
1 606 605
1 607 606
26 633 607
2665 3298 633
80 3378 3298
STP 82 ALG 6 weight 8.00 Nodes 3380 path 106
Op order: Right Left Down Up 
Solving STP Korf instance [83 of 100] using DSD weight 9.000000
1 1 0
1 2 1
1 3 2
1 4 3
1 5 4
1 6 5
1 7 6
1 8 7
1 9 8
1 10 9
1 11 10
4 15 11
1 16 15
1 17 16
2 19 17
8 27 19
3 30 27
2 32 30
1 33 32
2 35 33
5 40 35
2 42 40
13 55 42
3 58 55
15 73 58
32 105 73
3 108 105
3 111 108
1 112 111
3 115 112
3 118 115
3 121 118
1 122 121
2 124 122
3 127 124
1 128 127
42 170 128
6 176 170
2 178 176
47 225 178
87 312 225
76 388 312
6 394 388
1 395 394
40 435 395
452 887 435
43 930 887
1 931 930
1219 2150 931
1457 3607 2150
STP 82 ALG 6 weight 9.00 Nodes 3610 path 124
Op order: Right Left Down Up 
Solving STP Korf instance [83 of 100] using DSD weight 4.000000
1 1 0
1 2 1
1 3 2
1 4 3
1 5 4
1 6 5
1 7 6
1 8 7
1 9 8
1 10 9
1 11 10
4 15 11
1 16 15
1 17 16
2 19 17
23 42 19
2 44 42
2 46 44
1 47 46
4 51 47
9 60 51
23 83 60
2 85 83
8 93 85
2 95 93
1 96 95
139 235 96
69 304 235
5 309 304
24 333 309
1504 1837 333
4 1841 1837
5 1846 1841
367 2213 1846
1 2214 2213
3 2217 2214
2 2219 2217
89 2308 2219
6 2314 2308
187 2501 2314
894 3395 2501
2 3397 3395
103 3500 3397
466 3966 3500
167 4133 3966
1 4134 4133
STP 82 ALG 7 weight 4.00 Nodes 4136 path 76
Op order: Right Left Down Up 
Solving STP Korf instance [83 of 100] using DSD weight 5.000000
1 1 0
1 2 1
1 3 2
1 4 3
1 5 4
1 6 5
1 7 6
1 8 7
1 9 8
1 10 9
1 11 10
4 15 11
1 16 15
1 17 16
2 19 17
13 32 19
2 34 32
2 36 34
1 37 36
3 40 37
15 55 40
45 100 55
2 102 100
9 111 102
2 113 111
1 114 113
10 124 114
276 400 124
6 406 400
22 428 406
858 1286 428
4 1290 1286
2 1292 1290
4 1296 1292
2 1298 1296
2 1300 1298
2 1302 1300
16 1318 1302
32 1350 1318
146 1496 1350
121 1617 1496
1 1618 1617
1 1619 1618
3 1622 1619
261 1883 1622
1 1884 1883
1 1885 1884
STP 82 ALG 7 weight 5.00 Nodes 1887 path 74
Op order: Right Left Down Up 
Solving STP Korf instance [83 of 100] using DSD weight 6.000000
1 1 0
1 2 1
1 3 2
1 4 3
1 5 4
1 6 5
1 7 6
1 8 7
1 9 8
1 10 9
1 11 10
4 15 11
1 16 15
1 17 16
2 19 17
8 27 19
3 30 27
2 32 30
1 33 32
2 35 33
10 45 35
7 52 45
52 104 52
9 113 104
2 115 113
1 116 115
6 122 116
89 211 122
257 468 211
27 495 468
459 954 495
1 955 954
2 957 955
29 986 957
1 987 986
2 989 987
6 995 989
1 996 995
15 1011 996
25 1036 1011
95 1131 1036
149 1280 1131
1 1281 1280
2 1283 1281
68 1351 1283
663 2014 1351
1 2015 2014
STP 82 ALG 7 weight 6.00 Nodes 2017 path 82
Op order: Right Left Down Up 
Solving STP Korf instance [83 of 100] using DSD weight 7.000000
1 1 0
1 2 1
1 3 2
1 4 3
1 5 4
1 6 5
1 7 6
1 8 7
1 9 8
1 10 9
1 11 10
4 15 11
1 16 15
1 17 16
2 19 17
8 27 19
3 30 27
2 32 30
1 33 32
2 35 33
5 40 35
12 52 40
34 86 52
3 89 86
70 159 89
2 161 159
1 162 161
6 168 162
31 199 168
193 392 199
5 397 392
1 398 397
2 400 398
149 549 400
1 550 549
2 552 550
6 558 552
1 559 558
15 574 559
27 601 574
117 718 601
146 864 718
1 865 864
2 867 865
119 986 867
506 1492 986
1 1493 1492
STP 82 ALG 7 weight 7.00 Nodes 1495 path 82
Op order: Right Left Down Up 
Solving STP Korf instance [83 of 100] using DSD weight 8.000000
1 1 0
1 2 1
1 3 2
1 4 3
1 5 4
1 6 5
1 7 6
1 8 7
1 9 8
1 10 9
1 11 10
4 15 11
1 16 15
1 17 16
2 19 17
8 27 19
3 30 27
2 32 30
1 33 32
2 35 33
5 40 35
7 47 40
39 86 47
3 89 86
70 159 89
2 161 159
1 162 161
6 168 162
30 198 168
163 361 198
8 369 361
1 370 369
2 372 370
106 478 372
546 1024 478
6 1030 1024
210 1240 1030
5 1245 1240
21 1266 1245
3 1269 1266
2 1271 1269
14 1285 1271
64 1349 1285
86 1435 1349
2 1437 1435
1 1438 1437
113 1551 1438
2 1553 1551
STP 82 ALG 7 weight 8.00 Nodes 1555 path 94
Op order: Right Left Down Up 
Solving STP Korf instance [83 of 100] using DSD weight 9.000000
1 1 0
1 2 1
1 3 2
1 4 3
1 5 4
1 6 5
1 7 6
1 8 7
1 9 8
1 10 9
1 11 10
4 15 11
1 16 15
1 17 16
2 19 17
8 27 19
3 30 27
2 32 30
1 33 32
2 35 33
5 40 35
7 47 40
19 66 47
30 96 66
3 99 96
22 121 99
1 122 121
61 183 122
6 189 183
17 206 189
58 264 206
5 269 264
1 270 269
9 279 270
196 475 279
445 920 475
3 923 920
16 939 923
702 1641 939
2 1643 1641
12 1655 1643
7 1662 1655
158 1820 1662
37 1857 1820
153 2010 1857
1 2011 2010
221 2232 2011
2359 4591 2232
2 4593 4591
STP 82 ALG 7 weight 9.00 Nodes 4595 path 104
Op order: Right Left Down Up 
Solving STP Korf instance [83 of 100] using DSD weight 4.000000
1 1 0
1 2 1
1 3 2
1 4 3
1 5 4
1 6 5
1 7 6
1 8 7
1 9 8
1 10 9
1 11 10
4 15 11
1 16 15
1 17 16
2 19 17
8 27 19
3 30 27
2 32 30
1 33 32
2 35 33
46 81 35
7 88 81
1 89 88
1 90 89
2 92 90
1 93 92
6 99 93
10 109 99
6 115 109
65 180 115
1 181 180
3 184 181
305 489 184
3 492 489
47 539 492
5 544 539
29 573 544
9 582 573
93 675 582
680 1355 675
1 1356 1355
1234 2590 1356
1 2591 2590
1 2592 2591
STP 82 ALG 8 weight 4.00 Nodes 2594 path 70
Op order: Right Left Down Up 
Solving STP Korf instance [83 of 100] using DSD weight 5.000000
1 1 0
1 2 1
1 3 2
1 4 3
1 5 4
1 6 5
1 7 6
1 8 7
1 9 8
1 10 9
1 11 10
4 15 11
1 16 15
1 17 16
2 19 17
8 27 19
3 30 27
2 32 30
1 33 32
2 35 33
46 81 35
7 88 81
1 89 88
1 90 89
2 92 90
1 93 92
6 99 93
10 109 99
6 115 109
42 157 115
1 158 157
2 160 158
301 461 160
1 462 461
3 465 462
7 472 465
1 473 472
5 478 473
36 514 478
70 584 514
944 1528 584
1 1529 1528
109 1638 1529
1 1639 1638
1 1640 1639
STP 82 ALG 8 weight 5.00 Nodes 1642 path 70
Op order: Right Left Down Up 
Solving STP Korf instance [83 of 100] using DSD weight 6.000000
1 1 0
1 2 1
1 3 2
1 4 3
1 5 4
1 6 5
1 7 6
1 8 7
1 9 8
1 10 9
1 11 10
4 15 11
1 16 15
1 17 16
2 19 17
8 27 19
3 30 27
2 32 30
1 33 32
2 35 33
46 81 35
7 88 81
16 104 88
1 105 104
2 107 105
1 108 107
6 114 108
10 124 114
6 130 124
133 263 130
4 267 263
76 343 267
2 345 343
72 417 345
3 420 417
40 460 420
3 463 460
6 469 463
1 470 469
5 475 470
16 491 475
73 564 491
463 1027 564
1 1028 1027
1 1029 1028
111 1140 1029
1 1141 1140
STP 82 ALG 8 weight 6.00 Nodes 1143 path 80
Op order: Right Left Down Up 
Solving STP Korf instance [83 of 100] using DSD weight 7.000000
1 1 0
1 2 1
1 3 2
1 4 3
1 5 4
1 6 5
1 7 6
1 8 7
1 9 8
1 10 9
1 11 10
4 15 11
1 16 15
1 17 16
2 19 17
8 27 19
28 55 27
1 56 55
2 58 56
18 76 58
12 88 76
1 89 88
1 90 89
2 92 90
1 93 92
6 99 93
10 109 99
6 115 109
39 154 115
1 155 154
2 157 155
127 284 157
1 285 284
1 286 285
2 288 286
17 305 288
17 322 305
88 410 322
1 411 410
6 417 411
712 1129 417
1 1130 1129
8 1138 1130
78 1216 1138
30 1246 1216
1 1247 1246
STP 82 ALG 8 weight 7.00 Nodes 1249 path 74
Op order: Right Left Down Up 
Solving STP Korf instance [83 of 100] using DSD weight 8.000000
1 1 0
1 2 1
1 3 2
1 4 3
1 5 4
1 6 5
1 7 6
1 8 7
1 9 8
1 10 9
1 11 10
4 15 11
1 16 15
1 17 16
2 19 17
8 27 19
2 29 27
1 30 29
2 32 30
44 76 32
10 86 76
1 87 86
1 88 87
2 90 88
1 91 90
6 97 91
10 107 97
6 113 107
23 136 113
13 149 136
1 150 149
2 152 150
107 259 152
1 260 259
1 261 260
2 263 261
17 280 263
10 290 280
95 385 290
1 386 385
6 392 386
643 1035 392
92 1127 1035
1 1128 1127
2 1130 1128
111 1241 1130
1 1242 1241
STP 82 ALG 8 weight 8.00 Nodes 1244 path 78
Op order: Right Left Down Up 
Solving STP Korf instance [83 of 100] using DSD weight 9.000000
1 1 0
1 2 1
1 3 2
1 4 3
1 5 4
1 6 5
1 7 6
1 8 7
1 9 8
1 10 9
1 11 10
4 15 11
1 16 15
1 17 16
2 19 17
8 27 19
3 30 27
2 32 30
1 33 32
2 35 33
46 81 35
7 88 81
16 104 88
1 105 104
2 107 105
1 108 107
6 114 108
10 124 114
6 130 124
65 195 130
3 198 195
122 320 198
2 322 320
1 323 322
1 324 323
2 326 324
6 332 326
1 333 332
5 338 333
13 351 338
135 486 351
65 551 486
274 825 551
1 826 825
78 904 826
538 1442 904
1 1443 1442
STP 82 ALG 8 weight 9.00 Nodes 1445 path 84
