Op order: Right Left Down Up 
Solving STP Korf instance [83 of 100] using DSD weight 4.000000
1 1 0
1 2 1
1 3 2
1 4 3
1 5 4
1 6 5
1 7 6
1 8 7
1 9 8
1 10 9
1 11 10
4 15 11
1 16 15
1 17 16
2 19 17
8 27 19
3 30 27
2 32 30
1 33 32
2 35 33
5 40 35
2 42 40
13 55 42
3 58 55
38 96 58
9 105 96
1 106 105
2 108 106
6 114 108
7 121 114
16 137 121
36 173 137
21 194 173
6 200 194
15 215 200
2 217 215
6 223 217
32 255 223
36 291 255
1 292 291
1 293 292
62 355 293
2 357 355
1 358 357
1 359 358
26 385 359
623 1008 385
65 1073 1008
1 1074 1073
STP 82 ALG 0 weight 4.00 Nodes 1076 path 74
Op order: Right Left Down Up 
Solving STP Korf instance [83 of 100] using DSD weight 5.000000
1 1 0
1 2 1
1 3 2
1 4 3
1 5 4
1 6 5
1 7 6
1 8 7
1 9 8
1 10 9
1 11 10
4 15 11
1 16 15
1 17 16
2 19 17
8 27 19
3 30 27
2 32 30
1 33 32
2 35 33
5 40 35
2 42 40
13 55 42
3 58 55
15 73 58
36 109 73
3 112 109
3 115 112
1 116 115
3 119 116
3 122 119
3 125 122
1 126 125
2 128 126
3 131 128
1 132 131
55 187 132
6 193 187
2 195 193
70 265 195
13 278 265
1 279 278
4 283 279
181 464 283
61 525 464
1 526 525
1 527 526
26 553 527
1636 2189 553
2 2191 2189
STP 82 ALG 0 weight 5.00 Nodes 2193 path 90
Op order: Right Left Down Up 
Solving STP Korf instance [83 of 100] using DSD weight 6.000000
1 1 0
1 2 1
1 3 2
1 4 3
1 5 4
1 6 5
1 7 6
1 8 7
1 9 8
1 10 9
1 11 10
4 15 11
1 16 15
1 17 16
2 19 17
8 27 19
3 30 27
2 32 30
1 33 32
2 35 33
5 40 35
2 42 40
13 55 42
3 58 55
15 73 58
36 109 73
3 112 109
3 115 112
1 116 115
3 119 116
3 122 119
3 125 122
1 126 125
2 128 126
3 131 128
1 132 131
43 175 132
13 188 175
2 190 188
61 251 190
19 270 251
1 271 270
4 275 271
179 454 275
55 509 454
1 510 509
1 511 510
26 537 511
2048 2585 537
2 2587 2585
STP 82 ALG 0 weight 6.00 Nodes 2589 path 90
Op order: Right Left Down Up 
Solving STP Korf instance [83 of 100] using DSD weight 7.000000
1 1 0
1 2 1
1 3 2
1 4 3
1 5 4
1 6 5
1 7 6
1 8 7
1 9 8
1 10 9
1 11 10
4 15 11
1 16 15
1 17 16
2 19 17
8 27 19
3 30 27
2 32 30
1 33 32
2 35 33
5 40 35
2 42 40
13 55 42
3 58 55
15 73 58
32 105 73
3 108 105
3 111 108
1 112 111
3 115 112
3 118 115
3 121 118
1 122 121
2 124 122
3 127 124
1 128 127
38 166 128
6 172 166
2 174 172
64 238 174
67 305 238
35 340 305
4 344 340
123 467 344
67 534 467
1 535 534
1 536 535
27 563 536
2740 3303 563
697 4000 3303
STP 82 ALG 0 weight 7.00 Nodes 4002 path 106
Op order: Right Left Down Up 
Solving STP Korf instance [83 of 100] using DSD weight 8.000000
1 1 0
1 2 1
1 3 2
1 4 3
1 5 4
1 6 5
1 7 6
1 8 7
1 9 8
1 10 9
1 11 10
4 15 11
1 16 15
1 17 16
2 19 17
8 27 19
3 30 27
2 32 30
1 33 32
2 35 33
5 40 35
2 42 40
13 55 42
3 58 55
15 73 58
32 105 73
3 108 105
3 111 108
1 112 111
3 115 112
3 118 115
3 121 118
1 122 121
2 124 122
3 127 124
1 128 127
38 166 128
6 172 166
2 174 172
64 238 174
67 305 238
39 344 305
4 348 344
123 471 348
134 605 471
1 606 605
1 607 606
26 633 607
2391 3024 633
64 3088 3024
STP 82 ALG 0 weight 8.00 Nodes 3090 path 106
Op order: Right Left Down Up 
Solving STP Korf instance [83 of 100] using DSD weight 9.000000
1 1 0
1 2 1
1 3 2
1 4 3
1 5 4
1 6 5
1 7 6
1 8 7
1 9 8
1 10 9
1 11 10
4 15 11
1 16 15
1 17 16
2 19 17
8 27 19
3 30 27
2 32 30
1 33 32
2 35 33
5 40 35
2 42 40
13 55 42
3 58 55
15 73 58
32 105 73
3 108 105
3 111 108
1 112 111
3 115 112
3 118 115
3 121 118
1 122 121
2 124 122
3 127 124
1 128 127
42 170 128
6 176 170
2 178 176
47 225 178
87 312 225
76 388 312
6 394 388
1 395 394
40 435 395
444 879 435
59 938 879
1 939 938
1232 2171 939
1544 3715 2171
STP 82 ALG 0 weight 9.00 Nodes 3718 path 124
Op order: Right Left Down Up 
Solving STP Korf instance [83 of 100] using DSD weight 4.000000
1 1 0
1 2 1
1 3 2
3 6 3
1 7 6
1 8 7
1 9 8
4 13 9
1 14 13
1 15 14
1 16 15
1 17 16
4 21 17
1 22 21
1 23 22
4 27 23
70 97 27
3 100 97
2 102 100
1 103 102
330 433 103
37 470 433
5 475 470
43 518 475
8 526 518
2 528 526
1 529 528
2 531 529
3 534 531
17 551 534
11 562 551
37 599 562
1 600 599
2 602 600
21 623 602
3 626 623
4 630 626
1 631 630
2 633 631
13 646 633
39 685 646
1 686 685
26 712 686
386 1098 712
1 1099 1098
1 1100 1099
116 1216 1100
1 1217 1216
STP 82 ALG 1 weight 4.00 Nodes 1219 path 82
Op order: Right Left Down Up 
Solving STP Korf instance [83 of 100] using DSD weight 5.000000
1 1 0
1 2 1
1 3 2
3 6 3
1 7 6
1 8 7
1 9 8
4 13 9
1 14 13
1 15 14
1 16 15
1 17 16
4 21 17
1 22 21
1 23 22
4 27 23
70 97 27
3 100 97
2 102 100
1 103 102
330 433 103
37 470 433
5 475 470
12 487 475
52 539 487
3 542 539
2 544 542
3 547 544
35 582 547
34 616 582
3 619 616
17 636 619
6 642 636
31 673 642
9 682 673
2 684 682
22 706 684
3 709 706
4 713 709
1 714 713
2 716 714
13 729 716
25 754 729
8 762 754
1 763 762
52 815 763
531 1346 815
260 1606 1346
1 1607 1606
103 1710 1607
2 1712 1710
STP 82 ALG 1 weight 5.00 Nodes 1714 path 100
Op order: Right Left Down Up 
Solving STP Korf instance [83 of 100] using DSD weight 6.000000
1 1 0
1 2 1
1 3 2
3 6 3
1 7 6
1 8 7
1 9 8
4 13 9
1 14 13
1 15 14
1 16 15
1 17 16
4 21 17
1 22 21
1 23 22
4 27 23
70 97 27
3 100 97
2 102 100
1 103 102
330 433 103
37 470 433
5 475 470
12 487 475
52 539 487
3 542 539
2 544 542
3 547 544
35 582 547
34 616 582
3 619 616
17 636 619
6 642 636
31 673 642
9 682 673
2 684 682
22 706 684
3 709 706
4 713 709
1 714 713
2 716 714
13 729 716
25 754 729
8 762 754
1 763 762
50 813 763
330 1143 813
280 1423 1143
1 1424 1423
106 1530 1424
2 1532 1530
STP 82 ALG 1 weight 6.00 Nodes 1534 path 96
Op order: Right Left Down Up 
Solving STP Korf instance [83 of 100] using DSD weight 7.000000
1 1 0
1 2 1
1 3 2
3 6 3
1 7 6
1 8 7
1 9 8
4 13 9
1 14 13
1 15 14
1 16 15
1 17 16
4 21 17
1 22 21
1 23 22
4 27 23
70 97 27
3 100 97
2 102 100
1 103 102
330 433 103
37 470 433
5 475 470
12 487 475
52 539 487
3 542 539
2 544 542
3 547 544
35 582 547
34 616 582
3 619 616
17 636 619
6 642 636
31 673 642
9 682 673
2 684 682
22 706 684
3 709 706
4 713 709
1 714 713
2 716 714
13 729 716
25 754 729
8 762 754
1 763 762
50 813 763
216 1029 813
367 1396 1029
1 1397 1396
110 1507 1397
2 1509 1507
STP 82 ALG 1 weight 7.00 Nodes 1511 path 96
Op order: Right Left Down Up 
Solving STP Korf instance [83 of 100] using DSD weight 8.000000
1 1 0
1 2 1
1 3 2
3 6 3
1 7 6
1 8 7
1 9 8
4 13 9
1 14 13
1 15 14
1 16 15
1 17 16
4 21 17
1 22 21
1 23 22
4 27 23
70 97 27
3 100 97
2 102 100
1 103 102
330 433 103
37 470 433
5 475 470
12 487 475
13 500 487
61 561 500
1 562 561
2 564 562
4 568 564
5 573 568
3 576 573
5 581 576
4 585 581
47 632 585
4 636 632
93 729 636
2 731 729
4 735 731
11 746 735
12 758 746
84 842 758
161 1003 842
35 1038 1003
2 1040 1038
8 1048 1040
18 1066 1048
22 1088 1066
311 1399 1088
2 1401 1399
102 1503 1401
87 1590 1503
4 1594 1590
86 1680 1594
STP 82 ALG 1 weight 8.00 Nodes 1683 path 126
Op order: Right Left Down Up 
Solving STP Korf instance [83 of 100] using DSD weight 9.000000
1 1 0
1 2 1
1 3 2
3 6 3
1 7 6
1 8 7
1 9 8
4 13 9
1 14 13
1 15 14
1 16 15
1 17 16
4 21 17
1 22 21
1 23 22
4 27 23
70 97 27
3 100 97
2 102 100
1 103 102
330 433 103
37 470 433
5 475 470
12 487 475
13 500 487
25 525 500
82 607 525
1 608 607
2 610 608
4 614 610
5 619 614
3 622 619
5 627 622
4 631 627
67 698 631
4 702 698
81 783 702
2 785 783
4 789 785
11 800 789
12 812 800
57 869 812
173 1042 869
1 1043 1042
2 1045 1043
8 1053 1045
18 1071 1053
17 1088 1071
327 1415 1088
2 1417 1415
89 1506 1417
127 1633 1506
4 1637 1633
95 1732 1637
STP 82 ALG 1 weight 9.00 Nodes 1735 path 126
Op order: Right Left Down Up 
Solving STP Korf instance [83 of 100] using DSD weight 4.000000
1 1 0
1 2 1
1 3 2
1 4 3
1 5 4
1 6 5
1 7 6
1 8 7
1 9 8
1 10 9
1 11 10
4 15 11
1 16 15
1 17 16
2 19 17
8 27 19
3 30 27
2 32 30
1 33 32
2 35 33
5 40 35
2 42 40
13 55 42
3 58 55
15 73 58
32 105 73
3 108 105
3 111 108
1 112 111
3 115 112
3 118 115
3 121 118
1 122 121
2 124 122
3 127 124
1 128 127
38 166 128
6 172 166
2 174 172
64 238 174
67 305 238
35 340 305
4 344 340
179 523 344
17 540 523
1 541 540
1 542 541
3496 4038 542
11926 15964 4038
1 15965 15964
STP 82 ALG 2 weight 4.00 Nodes 15967 path 86
Op order: Right Left Down Up 
Solving STP Korf instance [83 of 100] using DSD weight 5.000000
1 1 0
1 2 1
1 3 2
1 4 3
1 5 4
1 6 5
1 7 6
1 8 7
1 9 8
1 10 9
1 11 10
4 15 11
1 16 15
1 17 16
2 19 17
8 27 19
3 30 27
2 32 30
1 33 32
2 35 33
5 40 35
2 42 40
13 55 42
3 58 55
15 73 58
32 105 73
3 108 105
3 111 108
1 112 111
3 115 112
3 118 115
3 121 118
1 122 121
2 124 122
3 127 124
1 128 127
42 170 128
34 204 170
2 206 204
47 253 206
48 301 253
116 417 301
6 423 417
1 424 423
49 473 424
436 909 473
36 945 909
1 946 945
3645 4591 946
1 4592 4591
STP 82 ALG 2 weight 5.00 Nodes 4594 path 86
Op order: Right Left Down Up 
Solving STP Korf instance [83 of 100] using DSD weight 6.000000
1 1 0
1 2 1
1 3 2
1 4 3
1 5 4
1 6 5
1 7 6
1 8 7
1 9 8
1 10 9
1 11 10
4 15 11
1 16 15
1 17 16
2 19 17
8 27 19
3 30 27
2 32 30
1 33 32
2 35 33
5 40 35
2 42 40
13 55 42
3 58 55
15 73 58
32 105 73
3 108 105
3 111 108
1 112 111
3 115 112
3 118 115
3 121 118
1 122 121
2 124 122
3 127 124
1 128 127
42 170 128
6 176 170
2 178 176
47 225 178
87 312 225
76 388 312
6 394 388
1 395 394
40 435 395
579 1014 435
66 1080 1014
1 1081 1080
8010 9091 1081
2 9093 9091
STP 82 ALG 2 weight 6.00 Nodes 9095 path 92
Op order: Right Left Down Up 
Solving STP Korf instance [83 of 100] using DSD weight 7.000000
1 1 0
1 2 1
1 3 2
1 4 3
1 5 4
1 6 5
1 7 6
1 8 7
1 9 8
1 10 9
1 11 10
4 15 11
1 16 15
1 17 16
2 19 17
8 27 19
3 30 27
2 32 30
1 33 32
2 35 33
5 40 35
2 42 40
13 55 42
3 58 55
15 73 58
32 105 73
3 108 105
3 111 108
1 112 111
3 115 112
3 118 115
3 121 118
1 122 121
2 124 122
3 127 124
1 128 127
17 145 128
44 189 145
2 191 189
50 241 191
74 315 241
70 385 315
6 391 385
1 392 391
48 440 392
652 1092 440
70 1162 1092
1 1163 1162
5398 6561 1163
383 6944 6561
STP 82 ALG 2 weight 7.00 Nodes 6946 path 116
Op order: Right Left Down Up 
Solving STP Korf instance [83 of 100] using DSD weight 8.000000
1 1 0
1 2 1
1 3 2
1 4 3
1 5 4
1 6 5
1 7 6
1 8 7
1 9 8
1 10 9
1 11 10
4 15 11
1 16 15
1 17 16
2 19 17
8 27 19
3 30 27
2 32 30
1 33 32
2 35 33
5 40 35
2 42 40
13 55 42
3 58 55
15 73 58
32 105 73
3 108 105
3 111 108
1 112 111
3 115 112
3 118 115
3 121 118
1 122 121
2 124 122
3 127 124
1 128 127
12 140 128
42 182 140
28 210 182
59 269 210
53 322 269
84 406 322
6 412 406
1 413 412
40 453 413
657 1110 453
216 1326 1110
1 1327 1326
3701 5028 1327
18 5046 5028
STP 82 ALG 2 weight 8.00 Nodes 5065 path 120
Op order: Right Left Down Up 
Solving STP Korf instance [83 of 100] using DSD weight 9.000000
1 1 0
1 2 1
1 3 2
1 4 3
1 5 4
1 6 5
1 7 6
1 8 7
1 9 8
1 10 9
1 11 10
4 15 11
1 16 15
1 17 16
2 19 17
8 27 19
3 30 27
2 32 30
1 33 32
2 35 33
5 40 35
2 42 40
13 55 42
3 58 55
15 73 58
32 105 73
3 108 105
3 111 108
1 112 111
3 115 112
3 118 115
3 121 118
1 122 121
2 124 122
3 127 124
1 128 127
12 140 128
42 182 140
28 210 182
59 269 210
53 322 269
84 406 322
6 412 406
1 413 412
40 453 413
480 933 453
467 1400 933
1 1401 1400
547 1948 1401
1327 3275 1948
STP 82 ALG 2 weight 9.00 Nodes 3278 path 120
Op order: Right Left Down Up 
Solving STP Korf instance [83 of 100] using DSD weight 4.000000
1 1 0
1 2 1
1 3 2
1 4 3
1 5 4
1 6 5
1 7 6
1 8 7
2 10 8
1 11 10
1 12 11
4 16 12
1 17 16
1 18 17
9 27 18
70 97 27
28 125 97
2 127 125
8 135 127
291 426 135
128 554 426
9 563 554
1 564 563
1 565 564
2 567 565
1 568 567
2 570 568
3 573 570
17 590 573
11 601 590
36 637 601
1 638 637
2 640 638
21 661 640
3 664 661
4 668 664
1 669 668
2 671 669
12 683 671
43 726 683
5 731 726
1 732 731
52 784 732
452 1236 784
1 1237 1236
1 1238 1237
116 1354 1238
1 1355 1354
STP 82 ALG 3 weight 4.00 Nodes 1357 path 82
Op order: Right Left Down Up 
Solving STP Korf instance [83 of 100] using DSD weight 5.000000
1 1 0
1 2 1
1 3 2
1 4 3
1 5 4
1 6 5
1 7 6
1 8 7
1 9 8
1 10 9
1 11 10
4 15 11
1 16 15
1 17 16
10 27 17
70 97 27
1 98 97
1 99 98
337 436 99
620 1056 436
27 1083 1056
1 1084 1083
1 1085 1084
2 1087 1085
1 1088 1087
2 1090 1088
3 1093 1090
17 1110 1093
6 1116 1110
17 1133 1116
18 1151 1133
2 1153 1151
21 1174 1153
3 1177 1174
4 1181 1177
1 1182 1181
2 1184 1182
14 1198 1184
29 1227 1198
1 1228 1227
25 1253 1228
307 1560 1253
1 1561 1560
2 1563 1561
91 1654 1563
2 1656 1654
STP 82 ALG 3 weight 5.00 Nodes 1658 path 92
Op order: Right Left Down Up 
Solving STP Korf instance [83 of 100] using DSD weight 6.000000
1 1 0
1 2 1
2 4 2
2 6 4
1 7 6
1 8 7
1 9 8
1 10 9
1 11 10
1 12 11
1 13 12
4 17 13
1 18 17
1 19 18
10 29 19
70 99 29
1 100 99
363 463 100
1 464 463
1506 1970 464
11 1981 1970
1 1982 1981
1 1983 1982
2 1985 1983
1 1986 1985
2 1988 1986
3 1991 1988
17 2008 1991
6 2014 2008
17 2031 2014
24 2055 2031
2 2057 2055
21 2078 2057
3 2081 2078
4 2085 2081
1 2086 2085
2 2088 2086
13 2101 2088
32 2133 2101
4 2137 2133
1 2138 2137
51 2189 2138
323 2512 2189
230 2742 2512
1 2743 2742
106 2849 2743
2 2851 2849
STP 82 ALG 3 weight 6.00 Nodes 2853 path 96
Op order: Right Left Down Up 
Solving STP Korf instance [83 of 100] using DSD weight 7.000000
1 1 0
1 2 1
2 4 2
2 6 4
1 7 6
1 8 7
1 9 8
1 10 9
1 11 10
1 12 11
9 21 12
1 22 21
1 23 22
1 24 23
48 72 24
27 99 72
1 100 99
1 101 100
296 397 101
73 470 397
12 482 470
1 483 482
1 484 483
2 486 484
1 487 486
2 489 487
3 492 489
17 509 492
6 515 509
22 537 515
11 548 537
2 550 548
19 569 550
3 572 569
4 576 572
1 577 576
2 579 577
13 592 579
28 620 592
6 626 620
1 627 626
50 677 627
215 892 677
357 1249 892
1 1250 1249
115 1365 1250
2 1367 1365
STP 82 ALG 3 weight 7.00 Nodes 1369 path 100
Op order: Right Left Down Up 
Solving STP Korf instance [83 of 100] using DSD weight 8.000000
1 1 0
1 2 1
1 3 2
1 4 3
1 5 4
1 6 5
1 7 6
2 9 7
8 17 9
1 18 17
1 19 18
4 23 19
1 24 23
1 25 24
6 31 25
66 97 31
1 98 97
1 99 98
349 448 99
22 470 448
31 501 470
1 502 501
1 503 502
2 505 503
1 506 505
2 508 506
3 511 508
17 528 511
6 534 528
17 551 534
1 552 551
2 554 552
31 585 554
3 588 585
4 592 588
1 593 592
2 595 593
13 608 595
28 636 608
6 642 636
1 643 642
50 693 643
216 909 693
340 1249 909
1 1250 1249
109 1359 1250
2 1361 1359
STP 82 ALG 3 weight 8.00 Nodes 1363 path 96
Op order: Right Left Down Up 
Solving STP Korf instance [83 of 100] using DSD weight 9.000000
1 1 0
1 2 1
1 3 2
1 4 3
1 5 4
1 6 5
1 7 6
1 8 7
1 9 8
1 10 9
1 11 10
4 15 11
1 16 15
1 17 16
10 27 17
70 97 27
1 98 97
1 99 98
337 436 99
34 470 436
27 497 470
1 498 497
1 499 498
2 501 499
1 502 501
2 504 502
3 507 504
17 524 507
6 530 524
29 559 530
14 573 559
2 575 573
20 595 575
3 598 595
4 602 598
1 603 602
2 605 603
13 618 605
27 645 618
1 646 645
25 671 646
142 813 671
47 860 813
2 862 860
112 974 862
2 976 974
STP 82 ALG 3 weight 9.00 Nodes 978 path 96
Op order: Right Left Down Up 
Solving STP Korf instance [83 of 100] using DSD weight 4.000000
1 1 0
1 2 1
1 3 2
1 4 3
1 5 4
1 6 5
1 7 6
1 8 7
1 9 8
1 10 9
1 11 10
4 15 11
1 16 15
1 17 16
10 27 17
70 97 27
4 101 97
1 102 101
319 421 102
49 470 421
25 495 470
13 508 495
1 509 508
2 511 509
1 512 511
2 514 512
3 517 514
17 534 517
11 545 534
34 579 545
1 580 579
2 582 580
22 604 582
3 607 604
4 611 607
1 612 611
2 614 612
15 629 614
39 668 629
4 672 668
1 673 672
25 698 673
420 1118 698
1 1119 1118
1 1120 1119
116 1236 1120
1 1237 1236
STP 82 ALG 4 weight 4.00 Nodes 1239 path 82
Op order: Right Left Down Up 
Solving STP Korf instance [83 of 100] using DSD weight 5.000000
1 1 0
1 2 1
1 3 2
1 4 3
1 5 4
1 6 5
1 7 6
1 8 7
1 9 8
1 10 9
1 11 10
4 15 11
1 16 15
1 17 16
10 27 17
70 97 27
1 98 97
1 99 98
329 428 99
42 470 428
26 496 470
1 497 496
1 498 497
2 500 498
1 501 500
2 503 501
3 506 503
17 523 506
6 529 523
23 552 529
11 563 552
2 565 563
22 587 565
3 590 587
4 594 590
1 595 594
2 597 595
15 612 597
24 636 612
5 641 636
1 642 641
25 667 642
366 1033 667
1 1034 1033
2 1036 1034
101 1137 1036
2 1139 1137
STP 82 ALG 4 weight 5.00 Nodes 1141 path 96
Op order: Right Left Down Up 
Solving STP Korf instance [83 of 100] using DSD weight 6.000000
1 1 0
1 2 1
2 4 2
2 6 4
1 7 6
1 8 7
1 9 8
1 10 9
1 11 10
1 12 11
1 13 12
4 17 13
1 18 17
1 19 18
8 27 19
70 97 27
1 98 97
1 99 98
347 446 99
109 555 446
8 563 555
6 569 563
1 570 569
2 572 570
1 573 572
2 575 573
3 578 575
17 595 578
6 601 595
20 621 601
15 636 621
2 638 636
28 666 638
3 669 666
4 673 669
1 674 673
2 676 674
13 689 676
24 713 689
9 722 713
1 723 722
28 751 723
174 925 751
1 926 925
2 928 926
97 1025 928
2 1027 1025
STP 82 ALG 4 weight 6.00 Nodes 1029 path 92
Op order: Right Left Down Up 
Solving STP Korf instance [83 of 100] using DSD weight 7.000000
1 1 0
1 2 1
2 4 2
2 6 4
1 7 6
1 8 7
1 9 8
1 10 9
1 11 10
1 12 11
3 15 12
2 17 15
1 18 17
1 19 18
8 27 19
70 97 27
2 99 97
1 100 99
343 443 100
65 508 443
29 537 508
1 538 537
1 539 538
2 541 539
1 542 541
2 544 542
3 547 544
17 564 547
6 570 564
20 590 570
9 599 590
2 601 599
22 623 601
3 626 623
4 630 626
1 631 630
2 633 631
13 646 633
29 675 646
5 680 675
1 681 680
25 706 681
167 873 706
14 887 873
2 889 887
110 999 889
2 1001 999
STP 82 ALG 4 weight 7.00 Nodes 1003 path 92
Op order: Right Left Down Up 
Solving STP Korf instance [83 of 100] using DSD weight 8.000000
1 1 0
1 2 1
1 3 2
1 4 3
1 5 4
1 6 5
1 7 6
1 8 7
1 9 8
1 10 9
1 11 10
4 15 11
1 16 15
2 18 16
9 27 18
70 97 27
1 98 97
1 99 98
335 434 99
36 470 434
25 495 470
7 502 495
1 503 502
2 505 503
1 506 505
2 508 506
3 511 508
17 528 511
6 534 528
22 556 534
1 557 556
2 559 557
22 581 559
3 584 581
4 588 584
1 589 588
2 591 589
13 604 591
28 632 604
3 635 632
1 636 635
25 661 636
141 802 661
44 846 802
2 848 846
111 959 848
2 961 959
STP 82 ALG 4 weight 8.00 Nodes 963 path 92
Op order: Right Left Down Up 
Solving STP Korf instance [83 of 100] using DSD weight 9.000000
1 1 0
1 2 1
1 3 2
1 4 3
1 5 4
1 6 5
1 7 6
1 8 7
1 9 8
1 10 9
1 11 10
4 15 11
1 16 15
1 17 16
10 27 17
70 97 27
1 98 97
1 99 98
335 434 99
36 470 434
23 493 470
8 501 493
1 502 501
2 504 502
1 505 504
2 507 505
3 510 507
17 527 510
6 533 527
17 550 533
1 551 550
2 553 551
22 575 553
3 578 575
4 582 578
1 583 582
2 585 583
13 598 585
29 627 598
1 628 627
25 653 628
141 794 653
44 838 794
2 840 838
112 952 840
2 954 952
STP 82 ALG 4 weight 9.00 Nodes 956 path 92
Op order: Right Left Down Up 
Solving STP Korf instance [83 of 100] using DSD weight 4.000000
1 1 0
1 2 1
1 3 2
1 4 3
1 5 4
1 6 5
1 7 6
1 8 7
1 9 8
1 10 9
1 11 10
4 15 11
1 16 15
1 17 16
10 27 17
70 97 27
1 98 97
1 99 98
337 436 99
34 470 436
27 497 470
1 498 497
1 499 498
2 501 499
1 502 501
2 504 502
3 507 504
17 524 507
11 535 524
34 569 535
1 570 569
2 572 570
20 592 572
3 595 592
4 599 595
1 600 599
2 602 600
13 615 602
40 655 615
5 660 655
1 661 660
52 713 661
462 1175 713
1 1176 1175
1 1177 1176
117 1294 1177
1 1295 1294
STP 82 ALG 5 weight 4.00 Nodes 1297 path 82
Op order: Right Left Down Up 
Solving STP Korf instance [83 of 100] using DSD weight 5.000000
1 1 0
1 2 1
1 3 2
1 4 3
1 5 4
1 6 5
1 7 6
1 8 7
1 9 8
1 10 9
1 11 10
4 15 11
1 16 15
1 17 16
10 27 17
70 97 27
1 98 97
1 99 98
337 436 99
620 1056 436
27 1083 1056
1 1084 1083
1 1085 1084
2 1087 1085
1 1088 1087
2 1090 1088
3 1093 1090
17 1110 1093
6 1116 1110
17 1133 1116
18 1151 1133
2 1153 1151
21 1174 1153
3 1177 1174
4 1181 1177
1 1182 1181
2 1184 1182
14 1198 1184
29 1227 1198
1 1228 1227
25 1253 1228
307 1560 1253
1 1561 1560
2 1563 1561
91 1654 1563
2 1656 1654
STP 82 ALG 5 weight 5.00 Nodes 1658 path 92
Op order: Right Left Down Up 
Solving STP Korf instance [83 of 100] using DSD weight 6.000000
1 1 0
1 2 1
2 4 2
2 6 4
1 7 6
1 8 7
1 9 8
1 10 9
1 11 10
1 12 11
1 13 12
4 17 13
1 18 17
1 19 18
10 29 19
70 99 29
1 100 99
363 463 100
1 464 463
1506 1970 464
11 1981 1970
1 1982 1981
1 1983 1982
2 1985 1983
1 1986 1985
2 1988 1986
3 1991 1988
17 2008 1991
6 2014 2008
17 2031 2014
24 2055 2031
2 2057 2055
21 2078 2057
3 2081 2078
4 2085 2081
1 2086 2085
2 2088 2086
13 2101 2088
32 2133 2101
4 2137 2133
1 2138 2137
51 2189 2138
323 2512 2189
230 2742 2512
1 2743 2742
106 2849 2743
2 2851 2849
STP 82 ALG 5 weight 6.00 Nodes 2853 path 96
Op order: Right Left Down Up 
Solving STP Korf instance [83 of 100] using DSD weight 7.000000
1 1 0
1 2 1
2 4 2
2 6 4
1 7 6
1 8 7
1 9 8
1 10 9
1 11 10
1 12 11
9 21 12
1 22 21
1 23 22
1 24 23
48 72 24
27 99 72
1 100 99
1 101 100
296 397 101
73 470 397
12 482 470
1 483 482
1 484 483
2 486 484
1 487 486
2 489 487
3 492 489
17 509 492
6 515 509
22 537 515
11 548 537
2 550 548
19 569 550
3 572 569
4 576 572
1 577 576
2 579 577
13 592 579
28 620 592
6 626 620
1 627 626
50 677 627
215 892 677
357 1249 892
1 1250 1249
115 1365 1250
2 1367 1365
STP 82 ALG 5 weight 7.00 Nodes 1369 path 100
Op order: Right Left Down Up 
Solving STP Korf instance [83 of 100] using DSD weight 8.000000
1 1 0
1 2 1
1 3 2
1 4 3
1 5 4
1 6 5
1 7 6
2 9 7
8 17 9
1 18 17
1 19 18
4 23 19
1 24 23
1 25 24
6 31 25
66 97 31
1 98 97
1 99 98
349 448 99
22 470 448
31 501 470
1 502 501
1 503 502
2 505 503
1 506 505
2 508 506
3 511 508
17 528 511
6 534 528
17 551 534
1 552 551
2 554 552
31 585 554
3 588 585
4 592 588
1 593 592
2 595 593
13 608 595
28 636 608
6 642 636
1 643 642
50 693 643
216 909 693
340 1249 909
1 1250 1249
109 1359 1250
2 1361 1359
STP 82 ALG 5 weight 8.00 Nodes 1363 path 96
Op order: Right Left Down Up 
Solving STP Korf instance [83 of 100] using DSD weight 9.000000
1 1 0
1 2 1
1 3 2
1 4 3
1 5 4
1 6 5
1 7 6
1 8 7
1 9 8
1 10 9
1 11 10
4 15 11
1 16 15
1 17 16
10 27 17
70 97 27
1 98 97
1 99 98
337 436 99
34 470 436
27 497 470
1 498 497
1 499 498
2 501 499
1 502 501
2 504 502
3 507 504
17 524 507
6 530 524
29 559 530
14 573 559
2 575 573
20 595 575
3 598 595
4 602 598
1 603 602
2 605 603
13 618 605
27 645 618
1 646 645
25 671 646
142 813 671
47 860 813
2 862 860
112 974 862
2 976 974
STP 82 ALG 5 weight 9.00 Nodes 978 path 96
Op order: Right Left Down Up 
Solving STP Korf instance [83 of 100] using DSD weight 4.000000
1 1 0
1 2 1
1 3 2
1 4 3
1 5 4
1 6 5
1 7 6
1 8 7
1 9 8
1 10 9
1 11 10
4 15 11
1 16 15
1 17 16
2 19 17
8 27 19
3 30 27
2 32 30
1 33 32
2 35 33
5 40 35
2 42 40
13 55 42
3 58 55
38 96 58
9 105 96
1 106 105
2 108 106
6 114 108
7 121 114
16 137 121
36 173 137
21 194 173
6 200 194
15 215 200
2 217 215
6 223 217
32 255 223
36 291 255
1 292 291
1 293 292
62 355 293
2 357 355
1 358 357
1 359 358
26 385 359
782 1167 385
49 1216 1167
1 1217 1216
STP 82 ALG 6 weight 4.00 Nodes 1219 path 74
Op order: Right Left Down Up 
Solving STP Korf instance [83 of 100] using DSD weight 5.000000
1 1 0
1 2 1
1 3 2
1 4 3
1 5 4
1 6 5
1 7 6
1 8 7
1 9 8
1 10 9
1 11 10
4 15 11
1 16 15
1 17 16
2 19 17
8 27 19
3 30 27
2 32 30
1 33 32
2 35 33
5 40 35
2 42 40
13 55 42
3 58 55
15 73 58
36 109 73
3 112 109
3 115 112
1 116 115
3 119 116
3 122 119
3 125 122
1 126 125
2 128 126
3 131 128
1 132 131
55 187 132
6 193 187
2 195 193
70 265 195
13 278 265
1 279 278
4 283 279
181 464 283
61 525 464
1 526 525
1 527 526
26 553 527
1830 2383 553
2 2385 2383
STP 82 ALG 6 weight 5.00 Nodes 2388 path 90
Op order: Right Left Down Up 
Solving STP Korf instance [83 of 100] using DSD weight 6.000000
1 1 0
1 2 1
1 3 2
1 4 3
1 5 4
1 6 5
1 7 6
1 8 7
1 9 8
1 10 9
1 11 10
4 15 11
1 16 15
1 17 16
2 19 17
8 27 19
3 30 27
2 32 30
1 33 32
2 35 33
5 40 35
2 42 40
13 55 42
3 58 55
15 73 58
36 109 73
3 112 109
3 115 112
1 116 115
3 119 116
3 122 119
3 125 122
1 126 125
2 128 126
3 131 128
1 132 131
43 175 132
13 188 175
2 190 188
61 251 190
19 270 251
1 271 270
4 275 271
179 454 275
55 509 454
1 510 509
1 511 510
26 537 511
2424 2961 537
2 2963 2961
STP 82 ALG 6 weight 6.00 Nodes 2965 path 90
Op order: Right Left Down Up 
Solving STP Korf instance [83 of 100] using DSD weight 7.000000
1 1 0
1 2 1
1 3 2
1 4 3
1 5 4
1 6 5
1 7 6
1 8 7
1 9 8
1 10 9
1 11 10
4 15 11
1 16 15
1 17 16
2 19 17
8 27 19
3 30 27
2 32 30
1 33 32
2 35 33
5 40 35
2 42 40
13 55 42
3 58 55
15 73 58
32 105 73
3 108 105
3 111 108
1 112 111
3 115 112
3 118 115
3 121 118
1 122 121
2 124 122
3 127 124
1 128 127
38 166 128
6 172 166
2 174 172
64 238 174
67 305 238
35 340 305
4 344 340
123 467 344
67 534 467
1 535 534
1 536 535
27 563 536
2531 3094 563
68 3162 3094
STP 82 ALG 6 weight 7.00 Nodes 3164 path 106
Op order: Right Left Down Up 
Solving STP Korf instance [83 of 100] using DSD weight 8.000000
1 1 0
1 2 1
1 3 2
1 4 3
1 5 4
1 6 5
1 7 6
1 8 7
1 9 8
1 10 9
1 11 10
4 15 11
1 16 15
1 17 16
2 19 17
8 27 19
3 30 27
2 32 30
1 33 32
2 35 33
5 40 35
2 42 40
13 55 42
3 58 55
15 73 58
32 105 73
3 108 105
3 111 108
1 112 111
3 115 112
3 118 115
3 121 118
1 122 121
2 124 122
3 127 124
1 128 127
38 166 128
6 172 166
2 174 172
64 238 174
67 305 238
39 344 305
4 348 344
123 471 348
134 605 471
1 606 605
1 607 606
26 633 607
2665 3298 633
80 3378 3298
STP 82 ALG 6 weight 8.00 Nodes 3380 path 106
Op order: Right Left Down Up 
Solving STP Korf instance [83 of 100] using DSD weight 9.000000
1 1 0
1 2 1
1 3 2
1 4 3
1 5 4
1 6 5
1 7 6
1 8 7
1 9 8
1 10 9
1 11 10
4 15 11
1 16 15
1 17 16
2 19 17
8 27 19
3 30 27
2 32 30
1 33 32
2 35 33
5 40 35
2 42 40
13 55 42
3 58 55
15 73 58
32 105 73
3 108 105
3 111 108
1 112 111
3 115 112
3 118 115
3 121 118
1 122 121
2 124 122
3 127 124
1 128 127
42 170 128
6 176 170
2 178 176
47 225 178
87 312 225
76 388 312
6 394 388
1 395 394
40 435 395
452 887 435
43 930 887
1 931 930
1219 2150 931
1457 3607 2150
STP 82 ALG 6 weight 9.00 Nodes 3610 path 124
Op order: Right Left Down Up 
Solving STP Korf instance [83 of 100] using DSD weight 4.000000
1 1 0
1 2 1
1 3 2
1 4 3
1 5 4
1 6 5
1 7 6
1 8 7
1 9 8
1 10 9
1 11 10
4 15 11
1 16 15
1 17 16
2 19 17
23 42 19
2 44 42
2 46 44
1 47 46
4 51 47
9 60 51
23 83 60
2 85 83
8 93 85
2 95 93
1 96 95
139 235 96
69 304 235
5 309 304
24 333 309
1504 1837 333
4 1841 1837
5 1846 1841
367 2213 1846
1 2214 2213
3 2217 2214
2 2219 2217
89 2308 2219
6 2314 2308
187 2501 2314
894 3395 2501
2 3397 3395
103 3500 3397
466 3966 3500
167 4133 3966
1 4134 4133
STP 82 ALG 7 weight 4.00 Nodes 4136 path 76
Op order: Right Left Down Up 
Solving STP Korf instance [83 of 100] using DSD weight 5.000000
1 1 0
1 2 1
1 3 2
1 4 3
1 5 4
1 6 5
1 7 6
1 8 7
1 9 8
1 10 9
1 11 10
4 15 11
1 16 15
1 17 16
2 19 17
13 32 19
2 34 32
2 36 34
1 37 36
3 40 37
15 55 40
45 100 55
2 102 100
9 111 102
2 113 111
1 114 113
10 124 114
276 400 124
6 406 400
22 428 406
858 1286 428
4 1290 1286
2 1292 1290
4 1296 1292
2 1298 1296
2 1300 1298
2 1302 1300
16 1318 1302
32 1350 1318
146 1496 1350
121 1617 1496
1 1618 1617
1 1619 1618
3 1622 1619
261 1883 1622
1 1884 1883
1 1885 1884
STP 82 ALG 7 weight 5.00 Nodes 1887 path 74
Op order: Right Left Down Up 
Solving STP Korf instance [83 of 100] using DSD weight 6.000000
1 1 0
1 2 1
1 3 2
1 4 3
1 5 4
1 6 5
1 7 6
1 8 7
1 9 8
1 10 9
1 11 10
4 15 11
1 16 15
1 17 16
2 19 17
8 27 19
3 30 27
2 32 30
1 33 32
2 35 33
10 45 35
7 52 45
52 104 52
9 113 104
2 115 113
1 116 115
6 122 116
89 211 122
257 468 211
27 495 468
459 954 495
1 955 954
2 957 955
29 986 957
1 987 986
2 989 987
6 995 989
1 996 995
15 1011 996
25 1036 1011
95 1131 1036
149 1280 1131
1 1281 1280
2 1283 1281
68 1351 1283
663 2014 1351
1 2015 2014
STP 82 ALG 7 weight 6.00 Nodes 2017 path 82
Op order: Right Left Down Up 
Solving STP Korf instance [83 of 100] using DSD weight 7.000000
1 1 0
1 2 1
1 3 2
1 4 3
1 5 4
1 6 5
1 7 6
1 8 7
1 9 8
1 10 9
1 11 10
4 15 11
1 16 15
1 17 16
2 19 17
8 27 19
3 30 27
2 32 30
1 33 32
2 35 33
5 40 35
12 52 40
34 86 52
3 89 86
70 159 89
2 161 159
1 162 161
6 168 162
31 199 168
193 392 199
5 397 392
1 398 397
2 400 398
149 549 400
1 550 549
2 552 550
6 558 552
1 559 558
15 574 559
27 601 574
117 718 601
146 864 718
1 865 864
2 867 865
119 986 867
506 1492 986
1 1493 1492
STP 82 ALG 7 weight 7.00 Nodes 1495 path 82
Op order: Right Left Down Up 
Solving STP Korf instance [83 of 100] using DSD weight 8.000000
1 1 0
1 2 1
1 3 2
1 4 3
1 5 4
1 6 5
1 7 6
1 8 7
1 9 8
1 10 9
1 11 10
4 15 11
1 16 15
1 17 16
2 19 17
8 27 19
3 30 27
2 32 30
1 33 32
2 35 33
5 40 35
7 47 40
39 86 47
3 89 86
70 159 89
2 161 159
1 162 161
6 168 162
30 198 168
163 361 198
8 369 361
1 370 369
2 372 370
106 478 372
546 1024 478
6 1030 1024
210 1240 1030
5 1245 1240
21 1266 1245
3 1269 1266
2 1271 1269
14 1285 1271
64 1349 1285
86 1435 1349
2 1437 1435
1 1438 1437
113 1551 1438
2 1553 1551
STP 82 ALG 7 weight 8.00 Nodes 1555 path 94
Op order: Right Left Down Up 
Solving STP Korf instance [83 of 100] using DSD weight 9.000000
1 1 0
1 2 1
1 3 2
1 4 3
1 5 4
1 6 5
1 7 6
1 8 7
1 9 8
1 10 9
1 11 10
4 15 11
1 16 15
1 17 16
2 19 17
8 27 19
3 30 27
2 32 30
1 33 32
2 35 33
5 40 35
7 47 40
19 66 47
30 96 66
3 99 96
22 121 99
1 122 121
61 183 122
6 189 183
17 206 189
58 264 206
5 269 264
1 270 269
9 279 270
196 475 279
445 920 475
3 923 920
16 939 923
702 1641 939
2 1643 1641
12 1655 1643
7 1662 1655
158 1820 1662
37 1857 1820
153 2010 1857
1 2011 2010
221 2232 2011
2359 4591 2232
2 4593 4591
STP 82 ALG 7 weight 9.00 Nodes 4595 path 104
Op order: Right Left Down Up 
Solving STP Korf instance [83 of 100] using DSD weight 4.000000
1 1 0
1 2 1
1 3 2
1 4 3
1 5 4
1 6 5
1 7 6
1 8 7
1 9 8
1 10 9
1 11 10
4 15 11
1 16 15
1 17 16
2 19 17
8 27 19
3 30 27
2 32 30
1 33 32
2 35 33
46 81 35
7 88 81
1 89 88
1 90 89
2 92 90
1 93 92
6 99 93
10 109 99
6 115 109
65 180 115
1 181 180
3 184 181
305 489 184
3 492 489
47 539 492
5 544 539
29 573 544
9 582 573
93 675 582
680 1355 675
1 1356 1355
1234 2590 1356
1 2591 2590
1 2592 2591
STP 82 ALG 8 weight 4.00 Nodes 2594 path 70
Op order: Right Left Down Up 
Solving STP Korf instance [83 of 100] using DSD weight 5.000000
1 1 0
1 2 1
1 3 2
1 4 3
1 5 4
1 6 5
1 7 6
1 8 7
1 9 8
1 10 9
1 11 10
4 15 11
1 16 15
1 17 16
2 19 17
8 27 19
3 30 27
2 32 30
1 33 32
2 35 33
46 81 35
7 88 81
1 89 88
1 90 89
2 92 90
1 93 92
6 99 93
10 109 99
6 115 109
42 157 115
1 158 157
2 160 158
301 461 160
1 462 461
3 465 462
7 472 465
1 473 472
5 478 473
36 514 478
70 584 514
944 1528 584
1 1529 1528
109 1638 1529
1 1639 1638
1 1640 1639
STP 82 ALG 8 weight 5.00 Nodes 1642 path 70
Op order: Right Left Down Up 
Solving STP Korf instance [83 of 100] using DSD weight 6.000000
1 1 0
1 2 1
1 3 2
1 4 3
1 5 4
1 6 5
1 7 6
1 8 7
1 9 8
1 10 9
1 11 10
4 15 11
1 16 15
1 17 16
2 19 17
8 27 19
3 30 27
2 32 30
1 33 32
2 35 33
46 81 35
7 88 81
16 104 88
1 105 104
2 107 105
1 108 107
6 114 108
10 124 114
6 130 124
133 263 130
4 267 263
76 343 267
2 345 343
72 417 345
3 420 417
40 460 420
3 463 460
6 469 463
1 470 469
5 475 470
16 491 475
73 564 491
463 1027 564
1 1028 1027
1 1029 1028
111 1140 1029
1 1141 1140
STP 82 ALG 8 weight 6.00 Nodes 1143 path 80
Op order: Right Left Down Up 
Solving STP Korf instance [83 of 100] using DSD weight 7.000000
1 1 0
1 2 1
1 3 2
1 4 3
1 5 4
1 6 5
1 7 6
1 8 7
1 9 8
1 10 9
1 11 10
4 15 11
1 16 15
1 17 16
2 19 17
8 27 19
28 55 27
1 56 55
2 58 56
18 76 58
12 88 76
1 89 88
1 90 89
2 92 90
1 93 92
6 99 93
10 109 99
6 115 109
39 154 115
1 155 154
2 157 155
127 284 157
1 285 284
1 286 285
2 288 286
17 305 288
17 322 305
88 410 322
1 411 410
6 417 411
712 1129 417
1 1130 1129
8 1138 1130
78 1216 1138
30 1246 1216
1 1247 1246
STP 82 ALG 8 weight 7.00 Nodes 1249 path 74
Op order: Right Left Down Up 
Solving STP Korf instance [83 of 100] using DSD weight 8.000000
1 1 0
1 2 1
1 3 2
1 4 3
1 5 4
1 6 5
1 7 6
1 8 7
1 9 8
1 10 9
1 11 10
4 15 11
1 16 15
1 17 16
2 19 17
8 27 19
2 29 27
1 30 29
2 32 30
44 76 32
10 86 76
1 87 86
1 88 87
2 90 88
1 91 90
6 97 91
10 107 97
6 113 107
23 136 113
13 149 136
1 150 149
2 152 150
107 259 152
1 260 259
1 261 260
2 263 261
17 280 263
10 290 280
95 385 290
1 386 385
6 392 386
643 1035 392
92 1127 1035
1 1128 1127
2 1130 1128
111 1241 1130
1 1242 1241
STP 82 ALG 8 weight 8.00 Nodes 1244 path 78
Op order: Right Left Down Up 
Solving STP Korf instance [83 of 100] using DSD weight 9.000000
1 1 0
1 2 1
1 3 2
1 4 3
1 5 4
1 6 5
1 7 6
1 8 7
1 9 8
1 10 9
1 11 10
4 15 11
1 16 15
1 17 16
2 19 17
8 27 19
3 30 27
2 32 30
1 33 32
2 35 33
46 81 35
7 88 81
16 104 88
1 105 104
2 107 105
1 108 107
6 114 108
10 124 114
6 130 124
65 195 130
3 198 195
122 320 198
2 322 320
1 323 322
1 324 323
2 326 324
6 332 326
1 333 332
5 338 333
13 351 338
135 486 351
65 551 486
274 825 551
1 826 825
78 904 826
538 1442 904
1 1443 1442
STP 82 ALG 8 weight 9.00 Nodes 1445 path 84
Op order: Right Left Down Up 
Solving STP Korf instance [84 of 100] using DSD weight 4.000000
1 1 0
1 2 1
1 3 2
1 4 3
1 5 4
1 6 5
1 7 6
2 9 7
8 17 9
1 18 17
2 20 18
8 28 20
1 29 28
1 30 29
2 32 30
1 33 32
2 35 33
3 38 35
1 39 38
1 40 39
1 41 40
1 42 41
2 44 42
3 47 44
2 49 47
1 50 49
3 53 50
1 54 53
1 55 54
3 58 55
7 65 58
5 70 65
1 71 70
1 72 71
1 73 72
3 76 73
10 86 76
3 89 86
13 102 89
4 106 102
5 111 106
3 114 111
3 117 114
2 119 117
16 135 119
7 142 135
2 144 142
3 147 144
5 152 147
2 154 152
17 171 154
44 215 171
2 217 215
22 239 217
23 262 239
2 264 262
381 645 264
122 767 645
34 801 767
1 802 801
3 805 802
15429 16234 805
STP 83 ALG 0 weight 4.00 Nodes 16236 path 104
Op order: Right Left Down Up 
Solving STP Korf instance [84 of 100] using DSD weight 5.000000
1 1 0
1 2 1
1 3 2
1 4 3
1 5 4
1 6 5
1 7 6
2 9 7
4 13 9
1 14 13
1 15 14
8 23 15
1 24 23
1 25 24
2 27 25
3 30 27
1 31 30
1 32 31
1 33 32
1 34 33
2 36 34
3 39 36
2 41 39
1 42 41
3 45 42
1 46 45
1 47 46
3 50 47
7 57 50
5 62 57
1 63 62
1 64 63
1 65 64
3 68 65
12 80 68
3 83 80
11 94 83
4 98 94
1 99 98
4 103 99
4 107 103
1 108 107
2 110 108
1 111 110
15 126 111
5 131 126
42 173 131
19 192 173
152 344 192
194 538 344
1 539 538
2 541 539
38 579 541
31 610 579
1 611 610
6892 7503 611
2 7505 7503
STP 83 ALG 0 weight 5.00 Nodes 7507 path 108
Op order: Right Left Down Up 
Solving STP Korf instance [84 of 100] using DSD weight 6.000000
1 1 0
1 2 1
1 3 2
1 4 3
1 5 4
1 6 5
1 7 6
2 9 7
4 13 9
1 14 13
1 15 14
8 23 15
1 24 23
1 25 24
2 27 25
3 30 27
1 31 30
1 32 31
1 33 32
1 34 33
2 36 34
3 39 36
2 41 39
1 42 41
3 45 42
1 46 45
1 47 46
3 50 47
7 57 50
5 62 57
1 63 62
1 64 63
1 65 64
3 68 65
12 80 68
3 83 80
11 94 83
4 98 94
1 99 98
4 103 99
4 107 103
1 108 107
2 110 108
1 111 110
15 126 111
5 131 126
44 175 131
20 195 175
53 248 195
333 581 248
1 582 581
2 584 582
38 622 584
30 652 622
1 653 652
7592 8245 653
2 8247 8245
STP 83 ALG 0 weight 6.00 Nodes 8249 path 98
Op order: Right Left Down Up 
Solving STP Korf instance [84 of 100] using DSD weight 7.000000
1 1 0
1 2 1
1 3 2
1 4 3
1 5 4
1 6 5
1 7 6
2 9 7
4 13 9
1 14 13
1 15 14
8 23 15
1 24 23
1 25 24
2 27 25
3 30 27
1 31 30
1 32 31
1 33 32
1 34 33
2 36 34
3 39 36
2 41 39
1 42 41
3 45 42
1 46 45
1 47 46
3 50 47
7 57 50
5 62 57
1 63 62
1 64 63
1 65 64
3 68 65
12 80 68
3 83 80
11 94 83
4 98 94
1 99 98
4 103 99
4 107 103
1 108 107
2 110 108
1 111 110
15 126 111
5 131 126
14 145 131
55 200 145
47 247 200
205 452 247
1 453 452
3 456 453
1 457 456
126 583 457
141 724 583
1014 1738 724
1405 3143 1738
STP 83 ALG 0 weight 7.00 Nodes 3145 path 108
Op order: Right Left Down Up 
Solving STP Korf instance [84 of 100] using DSD weight 8.000000
1 1 0
1 2 1
1 3 2
1 4 3
1 5 4
1 6 5
1 7 6
2 9 7
4 13 9
1 14 13
1 15 14
8 23 15
1 24 23
1 25 24
2 27 25
3 30 27
1 31 30
1 32 31
1 33 32
1 34 33
2 36 34
3 39 36
2 41 39
1 42 41
3 45 42
1 46 45
1 47 46
3 50 47
7 57 50
5 62 57
1 63 62
1 64 63
1 65 64
3 68 65
12 80 68
3 83 80
11 94 83
4 98 94
1 99 98
4 103 99
4 107 103
1 108 107
2 110 108
1 111 110
15 126 111
5 131 126
14 145 131
55 200 145
47 247 200
125 372 247
1 373 372
3 376 373
1 377 376
145 522 377
121 643 522
198 841 643
3013 3854 841
STP 83 ALG 0 weight 8.00 Nodes 3857 path 134
Op order: Right Left Down Up 
Solving STP Korf instance [84 of 100] using DSD weight 9.000000
1 1 0
1 2 1
1 3 2
1 4 3
1 5 4
1 6 5
1 7 6
2 9 7
4 13 9
1 14 13
1 15 14
8 23 15
1 24 23
1 25 24
2 27 25
3 30 27
1 31 30
1 32 31
1 33 32
1 34 33
2 36 34
3 39 36
2 41 39
1 42 41
3 45 42
1 46 45
1 47 46
3 50 47
7 57 50
5 62 57
1 63 62
1 64 63
1 65 64
3 68 65
12 80 68
3 83 80
11 94 83
4 98 94
1 99 98
4 103 99
4 107 103
1 108 107
2 110 108
1 111 110
15 126 111
5 131 126
14 145 131
63 208 145
51 259 208
120 379 259
1 380 379
3 383 380
1 384 383
107 491 384
118 609 491
174 783 609
4407 5190 783
STP 83 ALG 0 weight 9.00 Nodes 5193 path 134
Op order: Right Left Down Up 
Solving STP Korf instance [84 of 100] using DSD weight 4.000000
1 1 0
1 2 1
1 3 2
1 4 3
4 8 4
1 9 8
1 10 9
147 157 10
1 158 157
5 163 158
1 164 163
1 165 164
8 173 165
1 174 173
2 176 174
1 177 176
1 178 177
140 318 178
140 458 318
1692 2150 458
3 2153 2150
1 2154 2153
3 2157 2154
1 2158 2157
60 2218 2158
1 2219 2218
2 2221 2219
10 2231 2221
1 2232 2231
1 2233 2232
1 2234 2233
1 2235 2234
1 2236 2235
1 2237 2236
3 2240 2237
1 2241 2240
2 2243 2241
34 2277 2243
1 2278 2277
1 2279 2278
2 2281 2279
25 2306 2281
100 2406 2306
71 2477 2406
71 2548 2477
6 2554 2548
33 2587 2554
1 2588 2587
1 2589 2588
1 2590 2589
50 2640 2590
3158 5798 2640
32 5830 5798
STP 83 ALG 1 weight 4.00 Nodes 5832 path 98
Op order: Right Left Down Up 
Solving STP Korf instance [84 of 100] using DSD weight 5.000000
1 1 0
1 2 1
1 3 2
1 4 3
4 8 4
1 9 8
1 10 9
147 157 10
1 158 157
5 163 158
1 164 163
1 165 164
8 173 165
1 174 173
2 176 174
1 177 176
1 178 177
140 318 178
140 458 318
1692 2150 458
3 2153 2150
1 2154 2153
3 2157 2154
1 2158 2157
60 2218 2158
1 2219 2218
2 2221 2219
10 2231 2221
1 2232 2231
1 2233 2232
1 2234 2233
1 2235 2234
1 2236 2235
1 2237 2236
3 2240 2237
1 2241 2240
2 2243 2241
34 2277 2243
1 2278 2277
1 2279 2278
2 2281 2279
25 2306 2281
114 2420 2306
44 2464 2420
56 2520 2464
6 2526 2520
33 2559 2526
1 2560 2559
1 2561 2560
1 2562 2561
50 2612 2562
7047 9659 2612
2 9661 9659
STP 83 ALG 1 weight 5.00 Nodes 9663 path 96
Op order: Right Left Down Up 
Solving STP Korf instance [84 of 100] using DSD weight 6.000000
1 1 0
1 2 1
1 3 2
1 4 3
4 8 4
1 9 8
1 10 9
147 157 10
1 158 157
5 163 158
1 164 163
1 165 164
8 173 165
1 174 173
2 176 174
1 177 176
1 178 177
140 318 178
140 458 318
1692 2150 458
3 2153 2150
1 2154 2153
3 2157 2154
1 2158 2157
60 2218 2158
1 2219 2218
2 2221 2219
10 2231 2221
1 2232 2231
1 2233 2232
1 2234 2233
1 2235 2234
1 2236 2235
1 2237 2236
3 2240 2237
1 2241 2240
2 2243 2241
34 2277 2243
1 2278 2277
1 2279 2278
2 2281 2279
25 2306 2281
89 2395 2306
2 2397 2395
321 2718 2397
6 2724 2718
32 2756 2724
1 2757 2756
1 2758 2757
1 2759 2758
50 2809 2759
5760 8569 2809
1719 10288 8569
STP 83 ALG 1 weight 6.00 Nodes 10291 path 122
Op order: Right Left Down Up 
Solving STP Korf instance [84 of 100] using DSD weight 7.000000
1 1 0
1 2 1
1 3 2
1 4 3
4 8 4
1 9 8
1 10 9
147 157 10
1 158 157
5 163 158
1 164 163
1 165 164
8 173 165
1 174 173
2 176 174
1 177 176
1 178 177
140 318 178
140 458 318
1692 2150 458
3 2153 2150
1 2154 2153
3 2157 2154
1 2158 2157
60 2218 2158
1 2219 2218
2 2221 2219
10 2231 2221
1 2232 2231
1 2233 2232
1 2234 2233
1 2235 2234
1 2236 2235
1 2237 2236
3 2240 2237
1 2241 2240
2 2243 2241
34 2277 2243
1 2278 2277
1 2279 2278
2 2281 2279
25 2306 2281
87 2393 2306
2 2395 2393
394 2789 2395
13 2802 2789
17 2819 2802
1 2820 2819
2 2822 2820
3 2825 2822
58 2883 2825
2635 5518 2883
1540 7058 5518
STP 83 ALG 1 weight 7.00 Nodes 7060 path 112
Op order: Right Left Down Up 
Solving STP Korf instance [84 of 100] using DSD weight 8.000000
1 1 0
1 2 1
1 3 2
1 4 3
4 8 4
1 9 8
1 10 9
147 157 10
1 158 157
5 163 158
1 164 163
1 165 164
8 173 165
1 174 173
2 176 174
1 177 176
1 178 177
140 318 178
140 458 318
1692 2150 458
3 2153 2150
1 2154 2153
3 2157 2154
1 2158 2157
60 2218 2158
1 2219 2218
2 2221 2219
10 2231 2221
1 2232 2231
1 2233 2232
1 2234 2233
1 2235 2234
1 2236 2235
1 2237 2236
3 2240 2237
1 2241 2240
2 2243 2241
34 2277 2243
1 2278 2277
1 2279 2278
2 2281 2279
25 2306 2281
87 2393 2306
2 2395 2393
394 2789 2395
13 2802 2789
17 2819 2802
1 2820 2819
2 2822 2820
3 2825 2822
58 2883 2825
2436 5319 2883
3064 8383 5319
STP 83 ALG 1 weight 8.00 Nodes 8385 path 112
Op order: Right Left Down Up 
Solving STP Korf instance [84 of 100] using DSD weight 9.000000
1 1 0
1 2 1
1 3 2
1 4 3
4 8 4
1 9 8
1 10 9
147 157 10
1 158 157
5 163 158
1 164 163
1 165 164
8 173 165
1 174 173
2 176 174
1 177 176
1 178 177
140 318 178
140 458 318
1692 2150 458
3 2153 2150
1 2154 2153
3 2157 2154
1 2158 2157
60 2218 2158
1 2219 2218
2 2221 2219
10 2231 2221
1 2232 2231
1 2233 2232
1 2234 2233
1 2235 2234
1 2236 2235
1 2237 2236
3 2240 2237
1 2241 2240
2 2243 2241
34 2277 2243
1 2278 2277
1 2279 2278
2 2281 2279
25 2306 2281
87 2393 2306
2 2395 2393
244 2639 2395
256 2895 2639
17 2912 2895
1 2913 2912
2 2915 2913
3 2918 2915
59 2977 2918
2156 5133 2977
4457 9590 5133
STP 83 ALG 1 weight 9.00 Nodes 9592 path 112
Op order: Right Left Down Up 
Solving STP Korf instance [84 of 100] using DSD weight 4.000000
1 1 0
1 2 1
1 3 2
1 4 3
1 5 4
1 6 5
1 7 6
2 9 7
4 13 9
1 14 13
1 15 14
8 23 15
1 24 23
1 25 24
2 27 25
3 30 27
1 31 30
1 32 31
1 33 32
1 34 33
2 36 34
3 39 36
2 41 39
1 42 41
3 45 42
1 46 45
1 47 46
3 50 47
7 57 50
5 62 57
1 63 62
1 64 63
1 65 64
3 68 65
12 80 68
3 83 80
11 94 83
4 98 94
1 99 98
4 103 99
4 107 103
1 108 107
2 110 108
1 111 110
15 126 111
5 131 126
14 145 131
58 203 145
43 246 203
230 476 246
1 477 476
3 480 477
1 481 480
462 943 481
1 944 943
8937 9881 944
3781 13662 9881
STP 83 ALG 2 weight 4.00 Nodes 13664 path 92
Op order: Right Left Down Up 
Solving STP Korf instance [84 of 100] using DSD weight 5.000000
1 1 0
1 2 1
1 3 2
1 4 3
1 5 4
1 6 5
1 7 6
2 9 7
4 13 9
1 14 13
1 15 14
8 23 15
1 24 23
1 25 24
2 27 25
3 30 27
1 31 30
1 32 31
1 33 32
1 34 33
2 36 34
3 39 36
2 41 39
1 42 41
3 45 42
1 46 45
1 47 46
3 50 47
7 57 50
5 62 57
1 63 62
1 64 63
1 65 64
3 68 65
12 80 68
3 83 80
11 94 83
4 98 94
1 99 98
4 103 99
4 107 103
1 108 107
2 110 108
1 111 110
15 126 111
5 131 126
14 145 131
63 208 145
51 259 208
120 379 259
1 380 379
3 383 380
1 384 383
136 520 384
99 619 520
9487 10106 619
2 10108 10106
STP 83 ALG 2 weight 5.00 Nodes 10110 path 104
Op order: Right Left Down Up 
Solving STP Korf instance [84 of 100] using DSD weight 6.000000
1 1 0
1 2 1
1 3 2
1 4 3
1 5 4
1 6 5
1 7 6
2 9 7
4 13 9
1 14 13
1 15 14
8 23 15
1 24 23
1 25 24
2 27 25
3 30 27
1 31 30
1 32 31
1 33 32
1 34 33
2 36 34
3 39 36
2 41 39
1 42 41
3 45 42
1 46 45
1 47 46
3 50 47
7 57 50
5 62 57
1 63 62
1 64 63
1 65 64
3 68 65
12 80 68
3 83 80
11 94 83
4 98 94
1 99 98
4 103 99
4 107 103
1 108 107
2 110 108
1 111 110
15 126 111
5 131 126
14 145 131
63 208 145
51 259 208
167 426 259
1 427 426
3 430 427
1 431 430
125 556 431
131 687 556
17701 18388 687
1922 20310 18388
STP 83 ALG 2 weight 6.00 Nodes 20312 path 106
Op order: Right Left Down Up 
Solving STP Korf instance [84 of 100] using DSD weight 7.000000
1 1 0
1 2 1
1 3 2
1 4 3
1 5 4
1 6 5
1 7 6
2 9 7
4 13 9
1 14 13
1 15 14
8 23 15
1 24 23
1 25 24
2 27 25
3 30 27
1 31 30
1 32 31
1 33 32
1 34 33
2 36 34
3 39 36
2 41 39
1 42 41
3 45 42
1 46 45
1 47 46
3 50 47
7 57 50
5 62 57
1 63 62
1 64 63
1 65 64
3 68 65
12 80 68
3 83 80
11 94 83
4 98 94
1 99 98
4 103 99
4 107 103
1 108 107
2 110 108
1 111 110
15 126 111
5 131 126
14 145 131
67 212 145
42 254 212
202 456 254
1 457 456
3 460 457
1 461 460
138 599 461
88 687 599
1050 1737 687
8627 10364 1737
STP 83 ALG 2 weight 7.00 Nodes 10367 path 122
Op order: Right Left Down Up 
Solving STP Korf instance [84 of 100] using DSD weight 8.000000
1 1 0
1 2 1
1 3 2
1 4 3
1 5 4
1 6 5
1 7 6
2 9 7
4 13 9
1 14 13
1 15 14
8 23 15
1 24 23
1 25 24
2 27 25
3 30 27
1 31 30
1 32 31
1 33 32
1 34 33
2 36 34
3 39 36
2 41 39
1 42 41
3 45 42
1 46 45
1 47 46
3 50 47
7 57 50
5 62 57
1 63 62
1 64 63
1 65 64
3 68 65
12 80 68
3 83 80
11 94 83
4 98 94
1 99 98
4 103 99
4 107 103
1 108 107
2 110 108
1 111 110
15 126 111
5 131 126
14 145 131
67 212 145
42 254 212
97 351 254
38 389 351
3 392 389
1 393 392
113 506 393
157 663 506
206 869 663
7051 7920 869
STP 83 ALG 2 weight 8.00 Nodes 7923 path 132
Op order: Right Left Down Up 
Solving STP Korf instance [84 of 100] using DSD weight 9.000000
1 1 0
1 2 1
1 3 2
1 4 3
1 5 4
1 6 5
1 7 6
2 9 7
4 13 9
1 14 13
1 15 14
8 23 15
1 24 23
1 25 24
2 27 25
3 30 27
1 31 30
1 32 31
1 33 32
1 34 33
2 36 34
3 39 36
2 41 39
1 42 41
3 45 42
1 46 45
1 47 46
3 50 47
7 57 50
5 62 57
1 63 62
1 64 63
1 65 64
3 68 65
12 80 68
3 83 80
11 94 83
4 98 94
1 99 98
4 103 99
4 107 103
1 108 107
2 110 108
1 111 110
15 126 111
5 131 126
14 145 131
67 212 145
42 254 212
94 348 254
66 414 348
3 417 414
1 418 417
110 528 418
160 688 528
135 823 688
4916 5739 823
STP 83 ALG 2 weight 9.00 Nodes 5742 path 136
Op order: Right Left Down Up 
Solving STP Korf instance [84 of 100] using DSD weight 4.000000
1 1 0
1 2 1
1 3 2
1 4 3
4 8 4
1 9 8
1 10 9
40 50 10
2 52 50
8 60 52
1 61 60
4 65 61
1 66 65
2 68 66
1 69 68
1 70 69
248 318 70
27 345 318
1 346 345
10 356 346
390 746 356
1 747 746
5 752 747
1 753 752
1 754 753
1 755 754
1470 2225 755
19 2244 2225
1 2245 2244
3 2248 2245
1 2249 2248
2 2251 2249
4 2255 2251
1 2256 2255
1 2257 2256
1 2258 2257
1 2259 2258
5 2264 2259
14 2278 2264
9 2287 2278
12 2299 2287
6 2305 2299
11 2316 2305
1 2317 2316
7 2324 2317
57 2381 2324
471 2852 2381
389 3241 2852
2 3243 3241
18 3261 3243
2190 5451 3261
2352 7803 5451
STP 83 ALG 3 weight 4.00 Nodes 7805 path 96
Op order: Right Left Down Up 
Solving STP Korf instance [84 of 100] using DSD weight 5.000000
1 1 0
1 2 1
3 5 2
1 6 5
2 8 6
1 9 8
1 10 9
40 50 10
1 51 50
1 52 51
5 57 52
1 58 57
6 64 58
1 65 64
2 67 65
1 68 67
1 69 68
249 318 69
34 352 318
1 353 352
12 365 353
637 1002 365
1 1003 1002
5 1008 1003
1 1009 1008
1 1010 1009
1 1011 1010
1214 2225 1011
1162 3387 2225
1 3388 3387
1 3389 3388
1 3390 3389
1 3391 3390
1 3392 3391
1 3393 3392
3 3396 3393
1 3397 3396
2 3399 3397
36 3435 3399
1 3436 3435
1 3437 3436
2 3439 3437
27 3466 3439
97 3563 3466
30 3593 3563
59 3652 3593
11 3663 3652
74 3737 3663
52 3789 3737
5 3794 3789
1 3795 3794
110 3905 3795
2567 6472 3905
1 6473 6472
STP 83 ALG 3 weight 5.00 Nodes 6475 path 88
Op order: Right Left Down Up 
Solving STP Korf instance [84 of 100] using DSD weight 6.000000
1 1 0
1 2 1
1 3 2
1 4 3
4 8 4
1 9 8
1 10 9
40 50 10
2 52 50
1 53 52
1 54 53
10 64 54
1 65 64
2 67 65
1 68 67
1 69 68
249 318 69
30 348 318
1 349 348
28 377 349
582 959 377
1 960 959
71 1031 960
5 1036 1031
1 1037 1036
6 1043 1037
1178 2221 1043
4 2225 2221
12712 14937 2225
20 14957 14937
2 14959 14957
3 14962 14959
1 14963 14962
2 14965 14963
14 14979 14965
1 14980 14979
4 14984 14980
5 14989 14984
6 14995 14989
1 14996 14995
1 14997 14996
1 14998 14997
1 14999 14998
7 15006 14999
1 15007 15006
2 15009 15007
29 15038 15009
61 15099 15038
1 15100 15099
1 15101 15100
1 15102 15101
230 15332 15102
2378 17710 15332
2 17712 17710
STP 83 ALG 3 weight 6.00 Nodes 17714 path 96
Op order: Right Left Down Up 
Solving STP Korf instance [84 of 100] using DSD weight 7.000000
1 1 0
1 2 1
3 5 2
1 6 5
2 8 6
1 9 8
1 10 9
147 157 10
1 158 157
1 159 158
1 160 159
1 161 160
34 195 161
1 196 195
4 200 196
1 201 200
19 220 201
1 221 220
97 318 221
26 344 318
1 345 344
20 365 345
616 981 365
1 982 981
3 985 982
1 986 985
1 987 986
1 988 987
1237 2225 988
6 2231 2225
1 2232 2231
1 2233 2232
1 2234 2233
1 2235 2234
1 2236 2235
1 2237 2236
3 2240 2237
1 2241 2240
2 2243 2241
34 2277 2243
1 2278 2277
1 2279 2278
2 2281 2279
25 2306 2281
87 2393 2306
2 2395 2393
394 2789 2395
13 2802 2789
17 2819 2802
1 2820 2819
2 2822 2820
3 2825 2822
58 2883 2825
2635 5518 2883
1540 7058 5518
STP 83 ALG 3 weight 7.00 Nodes 7060 path 112
Op order: Right Left Down Up 
Solving STP Korf instance [84 of 100] using DSD weight 8.000000
1 1 0
1 2 1
1 3 2
1 4 3
4 8 4
1 9 8
37 46 9
111 157 46
1 158 157
105 263 158
1 264 263
27 291 264
1 292 291
4 296 292
1 297 296
16 313 297
1 314 313
78 392 314
37 429 392
1 430 429
574 1004 430
1 1005 1004
43 1048 1005
5 1053 1048
1 1054 1053
1 1055 1054
1166 2221 1055
4 2225 2221
12709 14934 2225
27 14961 14934
6 14967 14961
1 14968 14967
1 14969 14968
1 14970 14969
1 14971 14970
1 14972 14971
1 14973 14972
3 14976 14973
1 14977 14976
2 14979 14977
57 15036 14979
2 15038 15036
1 15039 15038
2 15041 15039
47 15088 15041
101 15189 15088
112 15301 15189
340 15641 15301
44 15685 15641
19 15704 15685
1 15705 15704
2 15707 15705
34 15741 15707
1369 17110 15741
3116 20226 17110
STP 83 ALG 3 weight 8.00 Nodes 20229 path 120
Op order: Right Left Down Up 
Solving STP Korf instance [84 of 100] using DSD weight 9.000000
1 1 0
1 2 1
1 3 2
1 4 3
4 8 4
1 9 8
1 10 9
40 50 10
2 52 50
1 53 52
1 54 53
10 64 54
1 65 64
2 67 65
1 68 67
1 69 68
249 318 69
30 348 318
1 349 348
28 377 349
582 959 377
1 960 959
71 1031 960
5 1036 1031
1177 2213 1036
6 2219 2213
1 2220 2219
5 2225 2220
12551 14776 2225
1 14777 14776
1 14778 14777
1 14779 14778
1 14780 14779
1 14781 14780
1 14782 14781
3 14785 14782
1 14786 14785
2 14788 14786
36 14824 14788
1 14825 14824
1 14826 14825
2 14828 14826
27 14855 14828
69 14924 14855
2 14926 14924
392 15318 14926
11 15329 15318
64 15393 15329
1 15394 15393
5 15399 15394
1 15400 15399
111 15511 15400
2767 18278 15511
2059 20337 18278
STP 83 ALG 3 weight 9.00 Nodes 20339 path 94
Op order: Right Left Down Up 
Solving STP Korf instance [84 of 100] using DSD weight 4.000000
1 1 0
1 2 1
1 3 2
1 4 3
4 8 4
1 9 8
1 10 9
40 50 10
2 52 50
1 53 52
1 54 53
11 65 54
1 66 65
2 68 66
1 69 68
1 70 69
1 71 70
255 326 71
1 327 326
11 338 327
625 963 338
1 964 963
5 969 964
1 970 969
1 971 970
1 972 971
533 1505 972
11 1516 1505
1 1517 1516
3 1520 1517
1 1521 1520
2 1523 1521
4 1527 1523
1 1528 1527
1 1529 1528
1 1530 1529
1 1531 1530
5 1536 1531
14 1550 1536
12 1562 1550
7 1569 1562
5 1574 1569
13 1587 1574
10 1597 1587
37 1634 1597
23 1657 1634
381 2038 1657
281 2319 2038
1 2320 2319
36 2356 2320
5370 7726 2356
2 7728 7726
STP 83 ALG 4 weight 4.00 Nodes 7730 path 102
Op order: Right Left Down Up 
Solving STP Korf instance [84 of 100] using DSD weight 5.000000
1 1 0
1 2 1
1 3 2
1 4 3
4 8 4
1 9 8
1 10 9
40 50 10
2 52 50
1 53 52
1 54 53
10 64 54
1 65 64
2 67 65
1 68 67
1 69 68
2 71 69
263 334 71
1 335 334
15 350 335
508 858 350
1 859 858
5 864 859
1 865 864
1 866 865
1 867 866
500 1367 867
15 1382 1367
1 1383 1382
3 1386 1383
1 1387 1386
2 1389 1387
4 1393 1389
1 1394 1393
1 1395 1394
1 1396 1395
1 1397 1396
5 1402 1397
14 1416 1402
9 1425 1416
10 1435 1425
5 1440 1435
13 1453 1440
10 1463 1453
37 1500 1463
20 1520 1500
226 1746 1520
817 2563 1746
1 2564 2563
62 2626 2564
2642 5268 2626
2 5270 5268
STP 83 ALG 4 weight 5.00 Nodes 5272 path 106
Op order: Right Left Down Up 
Solving STP Korf instance [84 of 100] using DSD weight 6.000000
1 1 0
1 2 1
1 3 2
1 4 3
4 8 4
1 9 8
1 10 9
40 50 10
2 52 50
1 53 52
1 54 53
10 64 54
1 65 64
2 67 65
1 68 67
1 69 68
2 71 69
263 334 71
1 335 334
15 350 335
47 397 350
4 401 397
13 414 401
140 554 414
2 556 554
448 1004 556
7 1011 1004
17 1028 1011
1 1029 1028
3 1032 1029
1 1033 1032
2 1035 1033
4 1039 1035
1 1040 1039
1 1041 1040
1 1042 1041
1 1043 1042
5 1048 1043
14 1062 1048
8 1070 1062
9 1079 1070
5 1084 1079
13 1097 1084
10 1107 1097
46 1153 1107
20 1173 1153
225 1398 1173
811 2209 1398
1110 3319 2209
3 3322 3319
2048 5370 3322
5699 11069 5370
STP 83 ALG 4 weight 6.00 Nodes 11071 path 106
Op order: Right Left Down Up 
Solving STP Korf instance [84 of 100] using DSD weight 7.000000
1 1 0
1 2 1
1 3 2
1 4 3
4 8 4
1 9 8
1 10 9
40 50 10
2 52 50
1 53 52
1 54 53
10 64 54
1 65 64
2 67 65
1 68 67
1 69 68
2 71 69
263 334 71
1 335 334
15 350 335
47 397 350
16 413 397
3 416 413
138 554 416
2 556 554
431 987 556
17 1004 987
293 1297 1004
1 1298 1297
3 1301 1298
1 1302 1301
2 1304 1302
4 1308 1304
1 1309 1308
1 1310 1309
1 1311 1310
1 1312 1311
5 1317 1312
14 1331 1317
9 1340 1331
7 1347 1340
5 1352 1347
13 1365 1352
10 1375 1365
46 1421 1375
20 1441 1421
241 1682 1441
510 2192 1682
1810 4002 2192
1 4003 4002
629 4632 4003
827 5459 4632
STP 83 ALG 4 weight 7.00 Nodes 5462 path 118
Op order: Right Left Down Up 
Solving STP Korf instance [84 of 100] using DSD weight 8.000000
1 1 0
1 2 1
1 3 2
1 4 3
4 8 4
1 9 8
1 10 9
40 50 10
2 52 50
1 53 52
1 54 53
10 64 54
1 65 64
2 67 65
1 68 67
1 69 68
2 71 69
263 334 71
1 335 334
15 350 335
47 397 350
4 401 397
13 414 401
140 554 414
2 556 554
450 1006 556
7 1013 1006
17 1030 1013
1 1031 1030
3 1034 1031
1 1035 1034
2 1037 1035
4 1041 1037
1 1042 1041
1 1043 1042
1 1044 1043
1 1045 1044
5 1050 1045
14 1064 1050
11 1075 1064
11 1086 1075
6 1092 1086
11 1103 1092
1 1104 1103
7 1111 1104
45 1156 1111
200 1356 1156
633 1989 1356
1980 3969 1989
2 3971 3969
133 4104 3971
4474 8578 4104
STP 83 ALG 4 weight 8.00 Nodes 8581 path 126
Op order: Right Left Down Up 
Solving STP Korf instance [84 of 100] using DSD weight 9.000000
1 1 0
1 2 1
1 3 2
1 4 3
4 8 4
1 9 8
1 10 9
40 50 10
2 52 50
1 53 52
1 54 53
11 65 54
1 66 65
2 68 66
1 69 68
1 70 69
1 71 70
248 319 71
1 320 319
19 339 320
598 937 339
1 938 937
3 941 938
1 942 941
1 943 942
1 944 943
463 1407 944
13 1420 1407
1 1421 1420
3 1424 1421
1 1425 1424
2 1427 1425
4 1431 1427
1 1432 1431
1 1433 1432
1 1434 1433
1 1435 1434
5 1440 1435
14 1454 1440
9 1463 1454
10 1473 1463
5 1478 1473
13 1491 1478
10 1501 1491
46 1547 1501
20 1567 1547
216 1783 1567
422 2205 1783
1437 3642 2205
2 3644 3642
121 3765 3644
4766 8531 3765
STP 83 ALG 4 weight 9.00 Nodes 8534 path 148
Op order: Right Left Down Up 
Solving STP Korf instance [84 of 100] using DSD weight 4.000000
1 1 0
1 2 1
1 3 2
1 4 3
4 8 4
1 9 8
1 10 9
40 50 10
2 52 50
1 53 52
1 54 53
10 64 54
1 65 64
2 67 65
1 68 67
1 69 68
249 318 69
30 348 318
1 349 348
28 377 349
583 960 377
1 961 960
72 1033 961
5 1038 1033
1 1039 1038
1 1040 1039
1 1041 1040
1184 2225 1041
6 2231 2225
1 2232 2231
1 2233 2232
1 2234 2233
1 2235 2234
1 2236 2235
1 2237 2236
3 2240 2237
1 2241 2240
2 2243 2241
34 2277 2243
1 2278 2277
1 2279 2278
2 2281 2279
25 2306 2281
100 2406 2306
71 2477 2406
71 2548 2477
6 2554 2548
33 2587 2554
1 2588 2587
1 2589 2588
1 2590 2589
50 2640 2590
3158 5798 2640
32 5830 5798
STP 83 ALG 5 weight 4.00 Nodes 5832 path 98
Op order: Right Left Down Up 
Solving STP Korf instance [84 of 100] using DSD weight 5.000000
1 1 0
1 2 1
3 5 2
1 6 5
2 8 6
1 9 8
1 10 9
40 50 10
1 51 50
1 52 51
5 57 52
1 58 57
6 64 58
1 65 64
2 67 65
1 68 67
1 69 68
249 318 69
34 352 318
1 353 352
12 365 353
637 1002 365
1 1003 1002
5 1008 1003
1 1009 1008
1 1010 1009
1 1011 1010
1214 2225 1011
1162 3387 2225
1 3388 3387
1 3389 3388
1 3390 3389
1 3391 3390
1 3392 3391
1 3393 3392
3 3396 3393
1 3397 3396
2 3399 3397
36 3435 3399
1 3436 3435
1 3437 3436
2 3439 3437
27 3466 3439
97 3563 3466
30 3593 3563
59 3652 3593
11 3663 3652
74 3737 3663
52 3789 3737
5 3794 3789
1 3795 3794
110 3905 3795
2567 6472 3905
1 6473 6472
STP 83 ALG 5 weight 5.00 Nodes 6475 path 88
Op order: Right Left Down Up 
Solving STP Korf instance [84 of 100] using DSD weight 6.000000
1 1 0
1 2 1
1 3 2
1 4 3
4 8 4
1 9 8
1 10 9
40 50 10
2 52 50
1 53 52
1 54 53
10 64 54
1 65 64
2 67 65
1 68 67
1 69 68
249 318 69
30 348 318
1 349 348
28 377 349
582 959 377
1 960 959
71 1031 960
5 1036 1031
1 1037 1036
6 1043 1037
1178 2221 1043
4 2225 2221
12712 14937 2225
20 14957 14937
2 14959 14957
3 14962 14959
1 14963 14962
2 14965 14963
14 14979 14965
1 14980 14979
4 14984 14980
5 14989 14984
6 14995 14989
1 14996 14995
1 14997 14996
1 14998 14997
1 14999 14998
7 15006 14999
1 15007 15006
2 15009 15007
29 15038 15009
61 15099 15038
1 15100 15099
1 15101 15100
1 15102 15101
230 15332 15102
2378 17710 15332
2 17712 17710
STP 83 ALG 5 weight 6.00 Nodes 17714 path 96
Op order: Right Left Down Up 
Solving STP Korf instance [84 of 100] using DSD weight 7.000000
1 1 0
1 2 1
3 5 2
1 6 5
2 8 6
1 9 8
1 10 9
147 157 10
1 158 157
1 159 158
1 160 159
1 161 160
34 195 161
1 196 195
4 200 196
1 201 200
19 220 201
1 221 220
97 318 221
26 344 318
1 345 344
20 365 345
616 981 365
1 982 981
3 985 982
1 986 985
1 987 986
1 988 987
1237 2225 988
6 2231 2225
1 2232 2231
1 2233 2232
1 2234 2233
1 2235 2234
1 2236 2235
1 2237 2236
3 2240 2237
1 2241 2240
2 2243 2241
34 2277 2243
1 2278 2277
1 2279 2278
2 2281 2279
25 2306 2281
87 2393 2306
2 2395 2393
394 2789 2395
13 2802 2789
17 2819 2802
1 2820 2819
2 2822 2820
3 2825 2822
58 2883 2825
2635 5518 2883
1540 7058 5518
STP 83 ALG 5 weight 7.00 Nodes 7060 path 112
Op order: Right Left Down Up 
Solving STP Korf instance [84 of 100] using DSD weight 8.000000
1 1 0
1 2 1
1 3 2
1 4 3
4 8 4
1 9 8
37 46 9
111 157 46
1 158 157
105 263 158
1 264 263
27 291 264
1 292 291
4 296 292
1 297 296
16 313 297
1 314 313
78 392 314
37 429 392
1 430 429
574 1004 430
1 1005 1004
43 1048 1005
5 1053 1048
1 1054 1053
1 1055 1054
1166 2221 1055
4 2225 2221
12709 14934 2225
27 14961 14934
6 14967 14961
1 14968 14967
1 14969 14968
1 14970 14969
1 14971 14970
1 14972 14971
1 14973 14972
3 14976 14973
1 14977 14976
2 14979 14977
57 15036 14979
2 15038 15036
1 15039 15038
2 15041 15039
47 15088 15041
101 15189 15088
112 15301 15189
340 15641 15301
44 15685 15641
19 15704 15685
1 15705 15704
2 15707 15705
34 15741 15707
1369 17110 15741
3116 20226 17110
STP 83 ALG 5 weight 8.00 Nodes 20229 path 120
Op order: Right Left Down Up 
Solving STP Korf instance [84 of 100] using DSD weight 9.000000
1 1 0
1 2 1
1 3 2
1 4 3
4 8 4
1 9 8
1 10 9
40 50 10
2 52 50
1 53 52
1 54 53
10 64 54
1 65 64
2 67 65
1 68 67
1 69 68
249 318 69
30 348 318
1 349 348
28 377 349
582 959 377
1 960 959
71 1031 960
5 1036 1031
1177 2213 1036
6 2219 2213
1 2220 2219
5 2225 2220
12551 14776 2225
1 14777 14776
1 14778 14777
1 14779 14778
1 14780 14779
1 14781 14780
1 14782 14781
3 14785 14782
1 14786 14785
2 14788 14786
36 14824 14788
1 14825 14824
1 14826 14825
2 14828 14826
27 14855 14828
69 14924 14855
2 14926 14924
392 15318 14926
11 15329 15318
64 15393 15329
1 15394 15393
5 15399 15394
1 15400 15399
111 15511 15400
2767 18278 15511
2059 20337 18278
STP 83 ALG 5 weight 9.00 Nodes 20339 path 94
Op order: Right Left Down Up 
Solving STP Korf instance [84 of 100] using DSD weight 4.000000
1 1 0
1 2 1
1 3 2
1 4 3
1 5 4
1 6 5
1 7 6
2 9 7
8 17 9
1 18 17
2 20 18
8 28 20
1 29 28
1 30 29
2 32 30
1 33 32
2 35 33
3 38 35
1 39 38
1 40 39
1 41 40
1 42 41
2 44 42
3 47 44
2 49 47
1 50 49
3 53 50
1 54 53
1 55 54
3 58 55
7 65 58
5 70 65
1 71 70
1 72 71
1 73 72
3 76 73
10 86 76
3 89 86
13 102 89
4 106 102
5 111 106
3 114 111
3 117 114
2 119 117
16 135 119
7 142 135
2 144 142
3 147 144
5 152 147
2 154 152
17 171 154
43 214 171
2 216 214
22 238 216
24 262 238
2 264 262
234 498 264
3 501 498
673 1174 501
1 1175 1174
156 1331 1175
99 1430 1331
STP 83 ALG 6 weight 4.00 Nodes 1432 path 104
Op order: Right Left Down Up 
Solving STP Korf instance [84 of 100] using DSD weight 5.000000
1 1 0
1 2 1
1 3 2
1 4 3
1 5 4
1 6 5
1 7 6
2 9 7
4 13 9
1 14 13
1 15 14
8 23 15
1 24 23
1 25 24
2 27 25
3 30 27
1 31 30
1 32 31
1 33 32
1 34 33
2 36 34
3 39 36
2 41 39
1 42 41
3 45 42
1 46 45
1 47 46
3 50 47
7 57 50
5 62 57
1 63 62
1 64 63
1 65 64
3 68 65
12 80 68
3 83 80
11 94 83
4 98 94
1 99 98
4 103 99
4 107 103
1 108 107
2 110 108
1 111 110
15 126 111
5 131 126
42 173 131
19 192 173
114 306 192
232 538 306
1 539 538
2 541 539
38 579 541
37 616 579
1 617 616
11448 12065 617
2 12067 12065
STP 83 ALG 6 weight 5.00 Nodes 12070 path 106
Op order: Right Left Down Up 
Solving STP Korf instance [84 of 100] using DSD weight 6.000000
1 1 0
1 2 1
1 3 2
1 4 3
1 5 4
1 6 5
1 7 6
2 9 7
4 13 9
1 14 13
1 15 14
8 23 15
1 24 23
1 25 24
2 27 25
3 30 27
1 31 30
1 32 31
1 33 32
1 34 33
2 36 34
3 39 36
2 41 39
1 42 41
3 45 42
1 46 45
1 47 46
3 50 47
7 57 50
5 62 57
1 63 62
1 64 63
1 65 64
3 68 65
12 80 68
3 83 80
11 94 83
4 98 94
1 99 98
4 103 99
4 107 103
1 108 107
2 110 108
1 111 110
15 126 111
5 131 126
44 175 131
20 195 175
53 248 195
328 576 248
1 577 576
2 579 577
41 620 579
40 660 620
1 661 660
3749 4410 661
105 4515 4410
STP 83 ALG 6 weight 6.00 Nodes 4517 path 116
Op order: Right Left Down Up 
Solving STP Korf instance [84 of 100] using DSD weight 7.000000
1 1 0
1 2 1
1 3 2
1 4 3
1 5 4
1 6 5
1 7 6
2 9 7
4 13 9
1 14 13
1 15 14
8 23 15
1 24 23
1 25 24
2 27 25
3 30 27
1 31 30
1 32 31
1 33 32
1 34 33
2 36 34
3 39 36
2 41 39
1 42 41
3 45 42
1 46 45
1 47 46
3 50 47
7 57 50
5 62 57
1 63 62
1 64 63
1 65 64
3 68 65
12 80 68
3 83 80
11 94 83
4 98 94
1 99 98
4 103 99
4 107 103
1 108 107
2 110 108
1 111 110
15 126 111
5 131 126
14 145 131
55 200 145
47 247 200
202 449 247
1 450 449
3 453 450
1 454 453
136 590 454
96 686 590
237 923 686
4136 5059 923
STP 83 ALG 6 weight 7.00 Nodes 5062 path 134
Op order: Right Left Down Up 
Solving STP Korf instance [84 of 100] using DSD weight 8.000000
1 1 0
1 2 1
1 3 2
1 4 3
1 5 4
1 6 5
1 7 6
2 9 7
4 13 9
1 14 13
1 15 14
8 23 15
1 24 23
1 25 24
2 27 25
3 30 27
1 31 30
1 32 31
1 33 32
1 34 33
2 36 34
3 39 36
2 41 39
1 42 41
3 45 42
1 46 45
1 47 46
3 50 47
7 57 50
5 62 57
1 63 62
1 64 63
1 65 64
3 68 65
12 80 68
3 83 80
11 94 83
4 98 94
1 99 98
4 103 99
4 107 103
1 108 107
2 110 108
1 111 110
15 126 111
5 131 126
14 145 131
55 200 145
47 247 200
125 372 247
1 373 372
3 376 373
1 377 376
143 520 377
128 648 520
178 826 648
4518 5344 826
STP 83 ALG 6 weight 8.00 Nodes 5347 path 134
Op order: Right Left Down Up 
Solving STP Korf instance [84 of 100] using DSD weight 9.000000
1 1 0
1 2 1
1 3 2
1 4 3
1 5 4
1 6 5
1 7 6
2 9 7
4 13 9
1 14 13
1 15 14
8 23 15
1 24 23
1 25 24
2 27 25
3 30 27
1 31 30
1 32 31
1 33 32
1 34 33
2 36 34
3 39 36
2 41 39
1 42 41
3 45 42
1 46 45
1 47 46
3 50 47
7 57 50
5 62 57
1 63 62
1 64 63
1 65 64
3 68 65
12 80 68
3 83 80
11 94 83
4 98 94
1 99 98
4 103 99
4 107 103
1 108 107
2 110 108
1 111 110
15 126 111
5 131 126
14 145 131
63 208 145
51 259 208
120 379 259
1 380 379
3 383 380
1 384 383
107 491 384
152 643 491
176 819 643
3378 4197 819
STP 83 ALG 6 weight 9.00 Nodes 4200 path 132
Op order: Right Left Down Up 
Solving STP Korf instance [84 of 100] using DSD weight 4.000000
1 1 0
1 2 1
1 3 2
1 4 3
1 5 4
1 6 5
1 7 6
5 12 7
9 21 12
1 22 21
5 27 22
24 51 27
15 66 51
1 67 66
1 68 67
17 85 68
1 86 85
5 91 86
71 162 91
1 163 162
2 165 163
3 168 165
3 171 168
3 174 171
9 183 174
1 184 183
2 186 184
155 341 186
39 380 341
1 381 380
1 382 381
169 551 382
117 668 551
2 670 668
580 1250 670
7 1257 1250
3 1260 1257
5 1265 1260
8 1273 1265
2 1275 1273
1 1276 1275
4 1280 1276
5 1285 1280
2 1287 1285
25 1312 1287
14 1326 1312
71 1397 1326
1 1398 1397
18 1416 1398
148 1564 1416
589 2153 1564
1 2154 2153
3 2157 2154
5273 7430 2157
95 7525 7430
STP 83 ALG 7 weight 4.00 Nodes 7527 path 110
Op order: Right Left Down Up 
Solving STP Korf instance [84 of 100] using DSD weight 5.000000
1 1 0
1 2 1
1 3 2
1 4 3
1 5 4
1 6 5
1 7 6
5 12 7
9 21 12
1 22 21
1 23 22
8 31 23
1 32 31
1 33 32
22 55 33
3 58 55
1 59 58
3 62 59
1 63 62
6 69 63
1 70 69
3 73 70
6 79 73
1 80 79
11 91 80
1 92 91
3 95 92
7 102 95
1 103 102
166 269 103
2 271 269
2 273 271
811 1084 273
1 1085 1084
1 1086 1085
2 1088 1086
3 1091 1088
1 1092 1091
1 1093 1092
1 1094 1093
2 1096 1094
62 1158 1096
2 1160 1158
147 1307 1160
31 1338 1307
1 1339 1338
1 1340 1339
34 1374 1340
66 1440 1374
1 1441 1440
1579 3020 1441
2 3022 3020
STP 83 ALG 7 weight 5.00 Nodes 3024 path 96
Op order: Right Left Down Up 
Solving STP Korf instance [84 of 100] using DSD weight 6.000000
1 1 0
1 2 1
1 3 2
1 4 3
1 5 4
1 6 5
1 7 6
2 9 7
8 17 9
1 18 17
2 20 18
8 28 20
1 29 28
1 30 29
2 32 30
1 33 32
9 42 33
2 44 42
1 45 44
4 49 45
1 50 49
2 52 50
1 53 52
1 54 53
1 55 54
1 56 55
5 61 56
3 64 61
16 80 64
1 81 80
1 82 81
2 84 82
3 87 84
63 150 87
2 152 150
676 828 152
9 837 828
4 841 837
5 846 841
224 1070 846
2 1072 1070
1 1073 1072
2 1075 1073
3 1078 1075
10 1088 1078
20 1108 1088
45 1153 1108
127 1280 1153
1 1281 1280
10 1291 1281
1 1292 1291
2 1294 1292
37 1331 1294
1656 2987 1331
207 3194 2987
1 3195 3194
515 3710 3195
50 3760 3710
STP 83 ALG 7 weight 6.00 Nodes 3762 path 104
Op order: Right Left Down Up 
Solving STP Korf instance [84 of 100] using DSD weight 7.000000
1 1 0
1 2 1
1 3 2
1 4 3
1 5 4
1 6 5
1 7 6
2 9 7
8 17 9
1 18 17
2 20 18
8 28 20
1 29 28
1 30 29
2 32 30
1 33 32
9 42 33
2 44 42
1 45 44
4 49 45
1 50 49
2 52 50
1 53 52
1 54 53
1 55 54
1 56 55
5 61 56
3 64 61
16 80 64
1 81 80
1 82 81
2 84 82
3 87 84
11 98 87
2 100 98
98 198 100
4 202 198
5 207 202
681 888 207
2 890 888
3 893 890
1 894 893
1 895 894
1 896 895
2 898 896
61 959 898
2 961 959
146 1107 961
93 1200 1107
1 1201 1200
131 1332 1201
78 1410 1332
112 1522 1410
1 1523 1522
712 2235 1523
2 2237 2235
STP 83 ALG 7 weight 7.00 Nodes 2239 path 102
Op order: Right Left Down Up 
Solving STP Korf instance [84 of 100] using DSD weight 8.000000
1 1 0
1 2 1
1 3 2
1 4 3
1 5 4
1 6 5
1 7 6
2 9 7
8 17 9
1 18 17
2 20 18
8 28 20
1 29 28
1 30 29
2 32 30
1 33 32
9 42 33
2 44 42
1 45 44
4 49 45
1 50 49
2 52 50
1 53 52
1 54 53
1 55 54
1 56 55
5 61 56
3 64 61
9 73 64
2 75 73
11 86 75
2 88 86
3 91 88
2 93 91
2 95 93
22 117 95
4 121 117
5 126 121
172 298 126
27 325 298
2 327 325
11 338 327
7 345 338
5 350 345
11 361 350
12 373 361
57 430 373
310 740 430
53 793 740
54 847 793
162 1009 847
2 1011 1009
3 1014 1011
265 1279 1014
2144 3423 1279
STP 83 ALG 7 weight 8.00 Nodes 3426 path 126
Op order: Right Left Down Up 
Solving STP Korf instance [84 of 100] using DSD weight 9.000000
1 1 0
1 2 1
1 3 2
1 4 3
1 5 4
1 6 5
1 7 6
2 9 7
4 13 9
1 14 13
1 15 14
8 23 15
1 24 23
1 25 24
2 27 25
4 31 27
1 32 31
3 35 32
5 40 35
1 41 40
1 42 41
1 43 42
2 45 43
2 47 45
2 49 47
11 60 49
1 61 60
3 64 61
2 66 64
2 68 66
14 82 68
12 94 82
3 97 94
57 154 97
4 158 154
99 257 158
1 258 257
2 260 258
19 279 260
21 300 279
2 302 300
2 304 302
5 309 304
1 310 309
3 313 310
1 314 313
31 345 314
71 416 345
64 480 416
406 886 480
82 968 886
110 1078 968
227 1305 1078
2 1307 1305
3 1310 1307
525 1835 1310
3405 5240 1835
STP 83 ALG 7 weight 9.00 Nodes 5243 path 124
Op order: Right Left Down Up 
Solving STP Korf instance [84 of 100] using DSD weight 4.000000
1 1 0
1 2 1
1 3 2
1 4 3
4 8 4
1 9 8
1 10 9
2 12 10
11 23 12
1 24 23
3 27 24
1 28 27
1 29 28
1 30 29
1 31 30
59 90 31
1 91 90
13 104 91
55 159 104
5 164 159
2 166 164
23 189 166
1 190 189
1 191 190
2 193 191
3 196 193
2 198 196
16 214 198
68 282 214
1 283 282
1 284 283
2 286 284
10 296 286
9 305 296
1 306 305
3 309 306
4 313 309
51 364 313
169 533 364
1 534 533
8 542 534
1 543 542
1 544 543
8 552 544
333 885 552
1 886 885
1 887 886
11 898 887
3 901 898
1 902 901
143 1045 902
735 1780 1045
28 1808 1780
1 1809 1808
746 2555 1809
2 2557 2555
STP 83 ALG 8 weight 4.00 Nodes 2559 path 112
Op order: Right Left Down Up 
Solving STP Korf instance [84 of 100] using DSD weight 5.000000
1 1 0
1 2 1
1 3 2
1 4 3
4 8 4
1 9 8
1 10 9
2 12 10
9 21 12
1 22 21
5 27 22
1 28 27
1 29 28
1 30 29
1 31 30
57 88 31
1 89 88
6 95 89
1 96 95
2 98 96
1 99 98
2 101 99
1 102 101
10 112 102
84 196 112
1 197 196
2 199 197
74 273 199
3 276 273
2 278 276
2 280 278
10 290 280
17 307 290
5 312 307
4 316 312
32 348 316
3 351 348
16 367 351
1 368 367
1 369 368
2 371 369
1 372 371
15 387 372
47 434 387
1 435 434
14 449 435
160 609 449
1 610 609
65 675 610
22 697 675
210 907 697
1 908 907
22 930 908
3305 4235 930
2 4237 4235
STP 83 ALG 8 weight 5.00 Nodes 4239 path 96
Op order: Right Left Down Up 
Solving STP Korf instance [84 of 100] using DSD weight 6.000000
1 1 0
1 2 1
1 3 2
1 4 3
4 8 4
1 9 8
1 10 9
2 12 10
9 21 12
1 22 21
5 27 22
1 28 27
1 29 28
1 30 29
1 31 30
59 90 31
1 91 90
4 95 91
1 96 95
2 98 96
1 99 98
2 101 99
1 102 101
10 112 102
2 114 112
3 117 114
108 225 117
235 460 225
2 462 460
2 464 462
2 466 464
9 475 466
7 482 475
5 487 482
4 491 487
21 512 491
2 514 512
13 527 514
1 528 527
1 529 528
2 531 529
1 532 531
2 534 532
25 559 534
25 584 559
16 600 584
2 602 600
15 617 602
1 618 617
61 679 618
20 699 679
103 802 699
1 803 802
6 809 803
359 1168 809
1726 2894 1168
STP 83 ALG 8 weight 6.00 Nodes 2897 path 132
Op order: Right Left Down Up 
Solving STP Korf instance [84 of 100] using DSD weight 7.000000
1 1 0
1 2 1
1 3 2
1 4 3
4 8 4
1 9 8
1 10 9
2 12 10
9 21 12
1 22 21
5 27 22
1 28 27
1 29 28
1 30 29
1 31 30
57 88 31
1 89 88
6 95 89
1 96 95
2 98 96
1 99 98
2 101 99
1 102 101
10 112 102
2 114 112
3 117 114
2 119 117
187 306 119
1 307 306
1 308 307
1 309 308
3 312 309
1 313 312
1 314 313
1 315 314
1 316 315
2 318 316
3 321 318
1 322 321
1 323 322
1 324 323
2 326 324
54 380 326
2 382 380
103 485 382
115 600 485
1 601 600
392 993 601
681 1674 993
1 1675 1674
4 1679 1675
118 1797 1679
2 1799 1797
STP 83 ALG 8 weight 7.00 Nodes 1801 path 90
Op order: Right Left Down Up 
Solving STP Korf instance [84 of 100] using DSD weight 8.000000
1 1 0
1 2 1
1 3 2
1 4 3
1 5 4
1 6 5
1 7 6
2 9 7
8 17 9
1 18 17
6 24 18
24 48 24
1 49 48
1 50 49
41 91 50
1 92 91
81 173 92
5 178 173
5 183 178
2 185 183
53 238 185
5 243 238
1 244 243
6 250 244
1 251 250
4 255 251
2 257 255
5 262 257
26 288 262
104 392 288
1 393 392
86 479 393
1 480 479
2 482 480
120 602 482
7 609 602
1 610 609
1 611 610
3 614 611
13 627 614
1 628 627
2 630 628
21 651 630
413 1064 651
236 1300 1064
47 1347 1300
145 1492 1347
79 1571 1492
1 1572 1571
1 1573 1572
3 1576 1573
239 1815 1576
16 1831 1815
2 1833 1831
562 2395 1833
776 3171 2395
STP 83 ALG 8 weight 8.00 Nodes 3173 path 110
Op order: Right Left Down Up 
Solving STP Korf instance [84 of 100] using DSD weight 9.000000
1 1 0
1 2 1
1 3 2
1 4 3
1 5 4
1 6 5
1 7 6
2 9 7
8 17 9
1 18 17
6 24 18
24 48 24
1 49 48
1 50 49
41 91 50
1 92 91
81 173 92
5 178 173
5 183 178
2 185 183
53 238 185
8 246 238
1 247 246
6 253 247
1 254 253
4 258 254
2 260 258
5 265 260
23 288 265
1 289 288
1 290 289
1 291 290
2 293 291
10 303 293
1 304 303
1 305 304
1 306 305
3 309 306
21 330 309
1 331 330
2 333 331
102 435 333
1 436 435
1 437 436
3 440 437
10 450 440
1 451 450
27 478 451
311 789 478
464 1253 789
1 1254 1253
177 1431 1254
2 1433 1431
STP 83 ALG 8 weight 9.00 Nodes 1435 path 94
